100 92368 7144388 77.347
54 399811 13434475 33.6021
101 91591 2263120 24.709
55 397293 5263505 13.2484
102 86094 3474112 40.3525
56 378086 18581185 49.1454
103 83088 1907906 22.9625
70 180039 5238672 29.0974
57 362272 8248647 22.7692
104 82267 10907929 132.592
71 178064 4471157 25.1098
58 327244 14178608 43.3273
105 180 360 2
72 173792 4182829 24.068
59 309446 13895982 44.906
106 77403 1876943 24.249
73 174278 9576523 54.9497
120 57812 1839960 31.8266
107 72798 3947088 54.2197
74 165014 3759933 22.7855
121 35 70 2
108 70578 2208495 31.2915
75 162495 2701201 16.6233
122 57341 1440778 25.1265
109 68246 2948337 43.2016
76 163571 6614367 40.4373
123 54111 1343355 24.8259
90 107503 4405624 40.9814
77 160402 9358843 58.3462
124 52427 1585385 30.2399
91 106824 3097598 28.9972
78 154923 3824136 24.6841
125 53444 1150763 21.5321
92 104977 2931259 27.9229
79 152674 4100856 26.8602
126 53156 1575598 29.641
93 100855 4416125 43.7869
140 40347 900422 22.317
127 52583 2405539 45.7475
94 100375 1740901 17.344
141 39553 1258692 31.8229
128 52159 1276041 24.4644
95 95136 2366966 24.8798
142 38711 655714 16.9387
129 47462 1732061 36.4936
96 96409 3508347 36.3902
97 92383 3748901 40.58
144 38444 1305065 33.9472
98 92937 3362402 36.1794
145 38439 908701 23.6401
99 89936 1964687 21.8454
146 38198 1054703 27.6115
160 33740 5255045 155.751
147 37932 822327 21.679
161 33290 833723 25.0442
162 33089 1111404 33.5883
149 36535 1048266 28.6921
163 32649 871421 26.6906
164 32333 755519 23.3668
165 30947 695970 22.4891
166 30833 1344674 43.6115
200 23878 561654 23.5218
180 26491 462260 17.4497
167 30547 2359859 77.2534
201 23720 586198 24.7132
181 26387 643466 24.3857
168 30540 970686 31.7841
202 23645 545361 23.0645
182 26389 944093 35.776
169 29751 660980 22.2171
203 23483 604174 25.7281
183 26307 971787 36.9402
204 23328 739516 31.7008
184 26215 674773 25.74
205 22656 466068 20.5715
185 25746 733255 28.4803
206 22502 2390789 106.248
186 25861 2559278 98.9628
220 19766 642034 32.4817
207 22134 577682 26.0993
187 25228 601394 23.8384
221 19701 481864 24.4589
188 25273 1080801 42.765
222 19609 472790 24.1109
209 21206 618563 29.1692
189 25254 1453131 57.5406
223 19371 638618 32.9677
224 18993 417297 21.9711
225 18982 436658 23.0038
226 18086 424494 23.4709
240 4993 201382 40.3329
227 17488 239087 13.6715
241 960 13784 14.3583
228 17920 417511 23.2986
229 16933 611105 36.0896
20 3515016 113799887 32.3754
21 2833378 142630187 50.3393
22 2726302 70080547 25.7053
23 2586946 95657107 36.9768
24 2412067 64933473 26.9203
25 2136474 69389036 32.4783
26 2007277 47156607 23.4928
40 629594 27146287 43.1171
27 1717684 71668172 41.7237
41 618901 26918537 43.4941
28 1407701 56211418 39.9314
42 589240 7077465 12.0112
29 1344888 58719261 43.6611
43 572159 12510943 21.8662
44 550464 13389055 24.3232
45 534508 21797711 40.7809
46 526335 22685615 43.1011
60 304987 8133800 26.6693
47 509531 22110771 43.3944
61 251514 8614835 34.2519
48 493798 11896693 24.0922
62 247540 4126420 16.6697
49 484211 21792130 45.0054
63 249161 6402012 25.6943
110 66629 820170 12.3095
64 225772 11360038 50.3164
111 66025 2709701 41.0405
65 226345 9931297 43.8768
112 64681 4111896 63.5719
66 220786 5445910 24.666
113 64341 5053619 78.5443
80 146538 2396690 16.3554
67 206173 3562973 17.2815
114 63346 1544009 24.3742
81 140534 5461100 38.8596
68 189169 6581581 34.7921
115 63043 1356095 21.5106
82 135868 20835785 153.353
69 181406 4073066 22.4528
116 62708 1464887 23.3604
83 134572 5851862 43.485
130 45991 707056 15.3738
117 59930 2982381 49.7644
84 132993 3008167 22.619
131 46915 760786 16.2163
118 58813 2152289 36.5955
85 130468 6155199 47.1778
132 45109 1066356 23.6395
119 58383 1304629 22.346
86 124748 3068920 24.601
133 44779 2997722 66.9448
87 120779 2936893 24.3163
88 109085 6922399 63.4588
135 42619 1759113 41.2753
89 108705 3272625 30.1056
136 43786 1505843 34.391
150 36439 868176 23.8255
137 43341 2389056 55.1223
151 36157 1253070 34.6564
138 43004 880228 20.4685
152 35806 1087532 30.3729
139 41730 640191 15.3413
153 35553 1138933 32.0348
154 35267 2372176 67.2633
155 35018 5285922 150.949
156 34811 958956 27.5475
157 34755 5326352 153.254
171 29694 1373192 46.2448
172 29482 1623665 55.0731
159 33806 2156901 63.8023
173 29176 1821415 62.4285
174 28432 695406 24.4586
176 27818 830250 29.8458
210 21160 478760 22.6257
190 25187 1037918 41.2085
177 27703 913264 32.9662
211 20663 502585 24.3229
191 23772 424639 17.863
178 27553 2493317 90.4917
212 20620 485039 23.5227
192 25052 944897 37.7174
179 27205 1385340 50.9223
213 20564 1101686 53.5735
193 24842 529569 21.3175
214 20492 482535 23.5475
194 24716 604375 24.4528
215 20102 2193579 109.122
216 20105 482787 24.0133
196 24272 567364 23.3752
230 16924 487168 28.7856
217 19641 415816 21.1708
197 24223 621300 25.6492
231 16431 396231 24.1148
218 20006 825335 41.2544
198 24148 580155 24.025
232 16121 1130207 70.1077
219 19798 556418 28.1048
199 23407 665865 28.4473
233 14467 510214 35.2674
234 14242 317888 22.3205
235 13888 312405 22.4946
236 13868 546313 39.3938
237 13718 505789 36.8705
10 37080755 2070533857 55.8385
1 384653906 21641531918 56.2623
238 12460 301621 24.2071
11 35391721 1862236470 52.6179
2 349391481 19795231909 56.6563
239 9089 121825 13.4036
12 33601783 1095504821 32.6026
3 306159403 16709250066 54.577
13 26548730 718198878 27.0521
4 271229993 15173136933 55.942
14 16085453 808461306 50.2604
5 224645484 12347106568 54.9626
15 15600501 815792447 52.2927
6 98004016 5441394742 55.5222
7 83291802 4691825071 56.33
16 15391820 382093836 24.8245
30 1148992 27500735 23.9347
17 15388072 778227148 50.5734
8 51883001 1698996025 32.7467
31 1038932 34356082 33.0687
18 11661264 468791140 40.2007
9 49330841 2531834145 51.3236
32 996547 25637556 25.7264
19 4123802 130644568 31.6806
33 930334 21290600 22.8849
34 879850 27246591 30.9673
35 872506 37984315 43.5347
36 846554 31879758 37.6583
50 480987 16596913 34.5059
37 822518 59441463 72.2677
51 428199 18500877 43.2063
38 713269 35158889 49.2926
52 412321 13819577 33.5165
39 669244 31514150 47.0892
53 411969 18001004 43.695
