1	0	1000000	28
1	1000000	2000000	11
1	2000000	3000000	2
1	3000000	4000000	9
1	4000000	5000000	5
1	5000000	6000000	41
1	6000000	7000000	22
1	7000000	8000000	29
1	8000000	9000000	43
1	9000000	10000000	53
1	10000000	11000000	14
1	11000000	12000000	18
1	12000000	13000000	23
1	13000000	14000000	9
1	14000000	15000000	19
1	15000000	16000000	16
1	16000000	17000000	23
1	17000000	18000000	28
1	18000000	19000000	9
1	19000000	20000000	11
1	20000000	21000000	12
1	21000000	22000000	6
1	22000000	23000000	18
1	23000000	24000000	46
1	24000000	25000000	101
1	25000000	26000000	53
1	26000000	27000000	55
1	27000000	28000000	39
1	28000000	29000000	31
1	29000000	30000000	43
1	30000000	31000000	34
1	31000000	32000000	22
1	32000000	33000000	12
1	33000000	34000000	40
1	34000000	35000000	32
1	35000000	36000000	43
1	36000000	37000000	20
1	37000000	38000000	19
1	38000000	39000000	37
1	39000000	40000000	6
1	40000000	41000000	10
1	41000000	42000000	41
1	42000000	43000000	16
1	43000000	44000000	28
1	44000000	45000000	33
1	45000000	46000000	27
1	46000000	47000000	28
1	47000000	48000000	22
1	48000000	49000000	26
1	49000000	50000000	22
1	50000000	51000000	7
1	51000000	52000000	15
1	52000000	53000000	22
1	53000000	54000000	18
1	54000000	55000000	33
1	55000000	56000000	19
1	56000000	57000000	19
1	57000000	58000000	29
1	58000000	59000000	33
1	59000000	60000000	15
1	60000000	61000000	12
1	61000000	62000000	25
1	62000000	63000000	30
1	63000000	64000000	27
1	64000000	65000000	24
1	65000000	66000000	40
1	66000000	67000000	21
1	67000000	68000000	16
1	68000000	69000000	30
1	69000000	70000000	25
1	70000000	71000000	25
1	71000000	72000000	17
1	72000000	73000000	77
1	73000000	74000000	16
1	74000000	75000000	30
1	75000000	76000000	8
1	76000000	77000000	37
1	77000000	78000000	28
1	78000000	79000000	17
1	79000000	80000000	8
1	80000000	81000000	9
1	81000000	82000000	62
1	82000000	83000000	8
1	83000000	84000000	18
1	84000000	85000000	19
1	85000000	86000000	13
1	86000000	87000000	16
1	87000000	88000000	4
1	88000000	89000000	10
1	89000000	90000000	38
1	90000000	91000000	9
1	91000000	92000000	12
1	92000000	93000000	24
1	93000000	94000000	10
1	94000000	95000000	12
1	95000000	96000000	10
1	96000000	97000000	31
1	97000000	98000000	17
1	98000000	99000000	2
1	99000000	100000000	20
1	100000000	101000000	39
1	101000000	102000000	16
1	102000000	103000000	10
1	103000000	104000000	22
1	104000000	105000000	14
1	105000000	106000000	9
1	106000000	107000000	27
1	107000000	108000000	18
1	108000000	109000000	7
1	109000000	110000000	17
1	110000000	111000000	28
1	111000000	112000000	9
1	112000000	113000000	18
1	113000000	114000000	3
1	114000000	115000000	3
1	115000000	116000000	17
1	116000000	117000000	34
1	117000000	118000000	20
1	118000000	119000000	14
1	119000000	120000000	38
1	120000000	121000000	38
1	121000000	122000000	13
1	122000000	123000000	51
1	123000000	124000000	10
1	124000000	125000000	24
1	125000000	126000000	16
1	126000000	127000000	24
1	127000000	128000000	17
1	128000000	129000000	26
1	129000000	130000000	3
1	130000000	131000000	21
1	131000000	132000000	14
1	132000000	133000000	68
1	133000000	134000000	14
1	134000000	135000000	22
1	135000000	136000000	15
1	136000000	137000000	39
1	137000000	138000000	21
1	138000000	139000000	11
1	139000000	140000000	38
1	140000000	141000000	29
1	141000000	142000000	44
1	142000000	143000000	16
1	143000000	144000000	5
1	144000000	145000000	12
1	145000000	146000000	25
1	146000000	147000000	25
1	147000000	148000000	17
1	148000000	149000000	32
1	149000000	150000000	20
1	150000000	151000000	16
1	151000000	152000000	61
1	152000000	153000000	10
1	153000000	154000000	28
1	154000000	155000000	32
1	155000000	156000000	13
1	156000000	157000000	0
1	157000000	158000000	82
1	158000000	159000000	53
1	159000000	160000000	13
1	160000000	161000000	18
1	161000000	162000000	81
1	162000000	163000000	33
1	163000000	164000000	26
1	164000000	165000000	24
1	165000000	166000000	20
1	166000000	167000000	39
1	167000000	168000000	40
1	168000000	169000000	58
1	169000000	170000000	71
1	170000000	171000000	47
1	171000000	172000000	42
1	172000000	173000000	25
1	173000000	174000000	33
1	174000000	175000000	44
1	175000000	176000000	37
1	176000000	177000000	9
1	177000000	178000000	16
1	178000000	179000000	28
1	179000000	180000000	52
1	180000000	181000000	7
1	181000000	182000000	24
1	182000000	183000000	1
1	183000000	184000000	0
1	184000000	185000000	3
1	185000000	186000000	19
1	186000000	187000000	5
1	187000000	188000000	46
1	188000000	189000000	0
1	189000000	190000000	8
1	190000000	191000000	20
1	191000000	192000000	38
1	192000000	193000000	60
1	193000000	194000000	47
1	194000000	195000000	34
1	195000000	196000000	41
1	196000000	197000000	49
1	197000000	198000000	111
1	198000000	199000000	26
1	199000000	200000000	51
1	200000000	201000000	79
1	201000000	202000000	1
1	202000000	203000000	16
1	203000000	204000000	15
1	204000000	205000000	33
1	205000000	206000000	59
1	206000000	207000000	24
1	207000000	208000000	58
1	208000000	209000000	30
1	209000000	210000000	45
1	210000000	211000000	40
1	211000000	212000000	7
1	212000000	213000000	123
1	213000000	214000000	52
1	214000000	215000000	38
1	215000000	216000000	43
1	216000000	217000000	28
1	217000000	218000000	34
1	218000000	219000000	36
1	219000000	220000000	41
1	220000000	221000000	34
1	221000000	222000000	6
1	222000000	223000000	17
1	223000000	224000000	29
1	224000000	225000000	17
1	225000000	226000000	38
1	226000000	227000000	34
1	227000000	228000000	15
1	228000000	229000000	21
1	229000000	230000000	8
1	230000000	231000000	16
1	231000000	232000000	15
1	232000000	233000000	8
1	233000000	234000000	19
1	234000000	235000000	6
1	235000000	236000000	6
1	236000000	237000000	9
1	237000000	238000000	1
1	238000000	239000000	12
1	239000000	240000000	31
1	240000000	241000000	33
1	241000000	242000000	18
1	242000000	243000000	4
1	243000000	244000000	17
1	244000000	245000000	7
1	245000000	246000000	15
1	246000000	247000000	35
1	247000000	248000000	18
1	248000000	249000000	12
1	249000000	250000000	35
1	250000000	251000000	3
1	251000000	252000000	15
1	252000000	253000000	7
1	253000000	254000000	19
1	254000000	255000000	8
1	255000000	256000000	4
1	256000000	257000000	26
1	257000000	258000000	20
1	258000000	259000000	73
1	259000000	260000000	44
1	260000000	261000000	47
1	261000000	262000000	35
1	262000000	263000000	43
1	263000000	264000000	39
1	264000000	265000000	56
1	265000000	266000000	20
1	266000000	267000000	42
1	267000000	268000000	27
1	268000000	269000000	17
1	269000000	270000000	20
1	270000000	271000000	26
1	271000000	272000000	9
1	272000000	273000000	14
1	273000000	274000000	6
1	274000000	275000000	18
1	275000000	276000000	6
1	276000000	277000000	42
1	277000000	278000000	26
1	278000000	279000000	13
1	279000000	280000000	3
1	280000000	281000000	12
1	281000000	282000000	27
1	282000000	283000000	10
1	283000000	284000000	24
1	284000000	285000000	8
1	285000000	286000000	15
1	286000000	287000000	16
1	287000000	288000000	13
1	288000000	289000000	29
1	289000000	290000000	13
1	290000000	291000000	6
1	291000000	292000000	11
1	292000000	293000000	33
1	293000000	294000000	16
1	294000000	295000000	9
1	295000000	296000000	19
1	296000000	297000000	0
1	297000000	298000000	8
1	298000000	299000000	3
1	299000000	300000000	21
1	300000000	301000000	15
1	301000000	302000000	20
1	302000000	303000000	0
1	303000000	304000000	0
1	304000000	305000000	0
1	305000000	306000000	4
1	306000000	307000000	5
1	307000000	308000000	26
1	308000000	309000000	10
1	309000000	310000000	19
1	310000000	311000000	13
1	311000000	312000000	6
1	312000000	313000000	13
1	313000000	314000000	4
1	314000000	315000000	24
1	315000000	316000000	18
1	316000000	317000000	18
1	317000000	318000000	22
1	318000000	319000000	17
1	319000000	320000000	42
1	320000000	321000000	38
1	321000000	322000000	23
1	322000000	323000000	18
1	323000000	324000000	40
1	324000000	325000000	14
1	325000000	326000000	24
1	326000000	327000000	14
1	327000000	328000000	6
1	328000000	329000000	22
1	329000000	330000000	6
1	330000000	331000000	10
1	331000000	332000000	10
1	332000000	333000000	21
1	333000000	334000000	48
1	334000000	335000000	8
1	335000000	336000000	18
1	336000000	337000000	21
1	337000000	338000000	21
1	338000000	339000000	54
1	339000000	340000000	75
1	340000000	341000000	11
1	341000000	342000000	30
1	342000000	343000000	11
1	343000000	344000000	14
1	344000000	345000000	7
1	345000000	346000000	15
1	346000000	347000000	3
1	347000000	348000000	28
1	348000000	349000000	8
1	349000000	350000000	13
1	350000000	351000000	24
1	351000000	352000000	57
1	352000000	353000000	19
1	353000000	354000000	26
1	354000000	355000000	18
1	355000000	356000000	20
1	356000000	357000000	9
1	357000000	358000000	3
1	358000000	359000000	3
1	359000000	360000000	20
1	360000000	361000000	16
1	361000000	362000000	22
1	362000000	363000000	33
1	363000000	364000000	24
1	364000000	365000000	62
1	365000000	366000000	37
1	366000000	367000000	18
1	367000000	368000000	16
1	368000000	369000000	21
1	369000000	370000000	110
1	370000000	371000000	39
1	371000000	372000000	25
1	372000000	373000000	75
1	373000000	374000000	62
1	374000000	375000000	12
1	375000000	376000000	28
1	376000000	377000000	30
1	377000000	378000000	20
1	378000000	379000000	28
1	379000000	380000000	68
1	380000000	381000000	30
1	381000000	382000000	3
1	382000000	383000000	99
1	383000000	384000000	28
1	384000000	384666196	18
2	0	1000000	0
2	1000000	2000000	0
2	2000000	3000000	0
2	3000000	4000000	0
2	4000000	5000000	3
2	5000000	6000000	85
2	6000000	7000000	12
2	7000000	8000000	48
2	8000000	9000000	195
2	9000000	10000000	21
2	10000000	11000000	147
2	11000000	12000000	146
2	12000000	13000000	86
2	13000000	14000000	78
2	14000000	15000000	100
2	15000000	16000000	75
2	16000000	17000000	14
2	17000000	18000000	60
2	18000000	19000000	157
2	19000000	20000000	132
2	20000000	21000000	123
2	21000000	22000000	75
2	22000000	23000000	162
2	23000000	24000000	167
2	24000000	25000000	131
2	25000000	26000000	60
2	26000000	27000000	118
2	27000000	28000000	97
2	28000000	29000000	103
2	29000000	30000000	116
2	30000000	31000000	7
2	31000000	32000000	28
2	32000000	33000000	103
2	33000000	34000000	181
2	34000000	35000000	35
2	35000000	36000000	16
2	36000000	37000000	29
2	37000000	38000000	40
2	38000000	39000000	62
2	39000000	40000000	33
2	40000000	41000000	13
2	41000000	42000000	10
2	42000000	43000000	10
2	43000000	44000000	10
2	44000000	45000000	22
2	45000000	46000000	24
2	46000000	47000000	35
2	47000000	48000000	13
2	48000000	49000000	22
2	49000000	50000000	7
2	50000000	51000000	8
2	51000000	52000000	11
2	52000000	53000000	7
2	53000000	54000000	9
2	54000000	55000000	18
2	55000000	56000000	1
2	56000000	57000000	9
2	57000000	58000000	10
2	58000000	59000000	13
2	59000000	60000000	5
2	60000000	61000000	5
2	61000000	62000000	26
2	62000000	63000000	31
2	63000000	64000000	25
2	64000000	65000000	10
2	65000000	66000000	51
2	66000000	67000000	19
2	67000000	68000000	15
2	68000000	69000000	23
2	69000000	70000000	11
2	70000000	71000000	30
2	71000000	72000000	13
2	72000000	73000000	16
2	73000000	74000000	16
2	74000000	75000000	15
2	75000000	76000000	44
2	76000000	77000000	12
2	77000000	78000000	8
2	78000000	79000000	10
2	79000000	80000000	24
2	80000000	81000000	15
2	81000000	82000000	21
2	82000000	83000000	18
2	83000000	84000000	9
2	84000000	85000000	9
2	85000000	86000000	18
2	86000000	87000000	30
2	87000000	88000000	30
2	88000000	89000000	29
2	89000000	90000000	13
2	90000000	91000000	17
2	91000000	92000000	37
2	92000000	93000000	27
2	93000000	94000000	20
2	94000000	95000000	38
2	95000000	96000000	12
2	96000000	97000000	11
2	97000000	98000000	9
2	98000000	99000000	7
2	99000000	100000000	2
2	100000000	101000000	16
2	101000000	102000000	17
2	102000000	103000000	21
2	103000000	104000000	15
2	104000000	105000000	25
2	105000000	106000000	16
2	106000000	107000000	11
2	107000000	108000000	3
2	108000000	109000000	12
2	109000000	110000000	32
2	110000000	111000000	17
2	111000000	112000000	22
2	112000000	113000000	10
2	113000000	114000000	17
2	114000000	115000000	14
2	115000000	116000000	5
2	116000000	117000000	13
2	117000000	118000000	18
2	118000000	119000000	20
2	119000000	120000000	9
2	120000000	121000000	19
2	121000000	122000000	32
2	122000000	123000000	31
2	123000000	124000000	14
2	124000000	125000000	19
2	125000000	126000000	11
2	126000000	127000000	9
2	127000000	128000000	12
2	128000000	129000000	10
2	129000000	130000000	7
2	130000000	131000000	4
2	131000000	132000000	21
2	132000000	133000000	9
2	133000000	134000000	3
2	134000000	135000000	23
2	135000000	136000000	8
2	136000000	137000000	41
2	137000000	138000000	27
2	138000000	139000000	33
2	139000000	140000000	26
2	140000000	141000000	35
2	141000000	142000000	9
2	142000000	143000000	14
2	143000000	144000000	13
2	144000000	145000000	39
2	145000000	146000000	11
2	146000000	147000000	12
2	147000000	148000000	31
2	148000000	149000000	34
2	149000000	150000000	14
2	150000000	151000000	22
2	151000000	152000000	6
2	152000000	153000000	91
2	153000000	154000000	31
2	154000000	155000000	9
2	155000000	156000000	14
2	156000000	157000000	14
2	157000000	158000000	10
2	158000000	159000000	5
2	159000000	160000000	37
2	160000000	161000000	48
2	161000000	162000000	30
2	162000000	163000000	55
2	163000000	164000000	19
2	164000000	165000000	22
2	165000000	166000000	1
2	166000000	167000000	8
2	167000000	168000000	13
2	168000000	169000000	15
2	169000000	170000000	32
2	170000000	171000000	19
2	171000000	172000000	109
2	172000000	173000000	22
2	173000000	174000000	36
2	174000000	175000000	26
2	175000000	176000000	24
2	176000000	177000000	35
2	177000000	178000000	18
2	178000000	179000000	22
2	179000000	180000000	20
2	180000000	181000000	9
2	181000000	182000000	46
2	182000000	183000000	24
2	183000000	184000000	47
2	184000000	185000000	46
2	185000000	186000000	15
2	186000000	187000000	15
2	187000000	188000000	23
2	188000000	189000000	42
2	189000000	190000000	12
2	190000000	191000000	18
2	191000000	192000000	32
2	192000000	193000000	48
2	193000000	194000000	73
2	194000000	195000000	42
2	195000000	196000000	62
2	196000000	197000000	89
2	197000000	198000000	68
2	198000000	199000000	69
2	199000000	200000000	11
2	200000000	201000000	57
2	201000000	202000000	69
2	202000000	203000000	106
2	203000000	204000000	31
2	204000000	205000000	0
2	205000000	206000000	2
2	206000000	207000000	11
2	207000000	208000000	65
2	208000000	209000000	46
2	209000000	210000000	39
2	210000000	211000000	35
2	211000000	212000000	88
2	212000000	213000000	35
2	213000000	214000000	70
2	214000000	215000000	81
2	215000000	216000000	28
2	216000000	217000000	59
2	217000000	218000000	15
2	218000000	219000000	69
2	219000000	220000000	39
2	220000000	221000000	74
2	221000000	222000000	64
2	222000000	223000000	47
2	223000000	224000000	58
2	224000000	225000000	64
2	225000000	226000000	25
2	226000000	227000000	19
2	227000000	228000000	54
2	228000000	229000000	28
2	229000000	230000000	43
2	230000000	231000000	21
2	231000000	232000000	31
2	232000000	233000000	67
2	233000000	234000000	26
2	234000000	235000000	23
2	235000000	236000000	9
2	236000000	237000000	11
2	237000000	238000000	15
2	238000000	239000000	5
2	239000000	240000000	25
2	240000000	241000000	18
2	241000000	242000000	19
2	242000000	243000000	37
2	243000000	244000000	11
2	244000000	245000000	34
2	245000000	246000000	19
2	246000000	247000000	3
2	247000000	248000000	11
2	248000000	249000000	35
2	249000000	250000000	4
2	250000000	251000000	8
2	251000000	252000000	45
2	252000000	253000000	2
2	253000000	254000000	7
2	254000000	255000000	15
2	255000000	256000000	8
2	256000000	257000000	23
2	257000000	258000000	28
2	258000000	259000000	15
2	259000000	260000000	20
2	260000000	261000000	40
2	261000000	262000000	0
2	262000000	263000000	2
2	263000000	264000000	8
2	264000000	265000000	28
2	265000000	266000000	9
2	266000000	267000000	11
2	267000000	268000000	15
2	268000000	269000000	8
2	269000000	270000000	13
2	270000000	271000000	18
2	271000000	272000000	5
2	272000000	273000000	16
2	273000000	274000000	21
2	274000000	275000000	26
2	275000000	276000000	13
2	276000000	277000000	28
2	277000000	278000000	12
2	278000000	279000000	5
2	279000000	280000000	9
2	280000000	281000000	26
2	281000000	282000000	3
2	282000000	283000000	4
2	283000000	284000000	5
2	284000000	285000000	20
2	285000000	286000000	16
2	286000000	287000000	12
2	287000000	288000000	39
2	288000000	289000000	16
2	289000000	290000000	4
2	290000000	291000000	15
2	291000000	292000000	29
2	292000000	293000000	1
2	293000000	294000000	3
2	294000000	295000000	39
2	295000000	296000000	13
2	296000000	297000000	8
2	297000000	298000000	12
2	298000000	299000000	5
2	299000000	300000000	7
2	300000000	301000000	11
2	301000000	302000000	0
2	302000000	303000000	15
2	303000000	304000000	3
2	304000000	305000000	39
2	305000000	306000000	33
2	306000000	307000000	25
2	307000000	308000000	75
2	308000000	309000000	15
2	309000000	310000000	97
2	310000000	311000000	5
2	311000000	312000000	36
2	312000000	313000000	19
2	313000000	314000000	42
2	314000000	315000000	14
2	315000000	316000000	6
2	316000000	317000000	30
2	317000000	318000000	15
2	318000000	319000000	11
2	319000000	320000000	22
2	320000000	321000000	39
2	321000000	322000000	52
2	322000000	323000000	14
2	323000000	324000000	26
2	324000000	325000000	32
2	325000000	326000000	33
2	326000000	327000000	25
2	327000000	328000000	39
2	328000000	329000000	7
2	329000000	330000000	14
2	330000000	331000000	47
2	331000000	332000000	9
2	332000000	333000000	51
2	333000000	334000000	34
2	334000000	335000000	38
2	335000000	336000000	31
2	336000000	337000000	29
2	337000000	338000000	42
2	338000000	339000000	38
2	339000000	340000000	12
2	340000000	341000000	17
2	341000000	342000000	19
2	342000000	343000000	22
2	343000000	344000000	21
2	344000000	345000000	47
2	345000000	346000000	5
2	346000000	347000000	45
2	347000000	348000000	33
2	348000000	349000000	113
2	349000000	349409267	19
3	0	1000000	123
3	1000000	2000000	56
3	2000000	3000000	85
3	3000000	4000000	0
3	4000000	5000000	0
3	5000000	6000000	15
3	6000000	7000000	72
3	7000000	8000000	23
3	8000000	9000000	48
3	9000000	10000000	65
3	10000000	11000000	19
3	11000000	12000000	97
3	12000000	13000000	38
3	13000000	14000000	76
3	14000000	15000000	56
3	15000000	16000000	56
3	16000000	17000000	27
3	17000000	18000000	5
3	18000000	19000000	14
3	19000000	20000000	6
3	20000000	21000000	15
3	21000000	22000000	8
3	22000000	23000000	33
3	23000000	24000000	12
3	24000000	25000000	22
3	25000000	26000000	15
3	26000000	27000000	8
3	27000000	28000000	6
3	28000000	29000000	9
3	29000000	30000000	9
3	30000000	31000000	22
3	31000000	32000000	8
3	32000000	33000000	8
3	33000000	34000000	14
3	34000000	35000000	22
3	35000000	36000000	17
3	36000000	37000000	6
3	37000000	38000000	9
3	38000000	39000000	20
3	39000000	40000000	29
3	40000000	41000000	17
3	41000000	42000000	29
3	42000000	43000000	21
3	43000000	44000000	9
3	44000000	45000000	2
3	45000000	46000000	0
3	46000000	47000000	14
3	47000000	48000000	5
3	48000000	49000000	21
3	49000000	50000000	0
3	50000000	51000000	65
3	51000000	52000000	33
3	52000000	53000000	10
3	53000000	54000000	7
3	54000000	55000000	20
3	55000000	56000000	29
3	56000000	57000000	47
3	57000000	58000000	31
3	58000000	59000000	35
3	59000000	60000000	99
3	60000000	61000000	33
3	61000000	62000000	56
3	62000000	63000000	31
3	63000000	64000000	57
3	64000000	65000000	18
3	65000000	66000000	20
3	66000000	67000000	4
3	67000000	68000000	8
3	68000000	69000000	11
3	69000000	70000000	11
3	70000000	71000000	13
3	71000000	72000000	19
3	72000000	73000000	43
3	73000000	74000000	20
3	74000000	75000000	21
3	75000000	76000000	25
3	76000000	77000000	19
3	77000000	78000000	30
3	78000000	79000000	46
3	79000000	80000000	26
3	80000000	81000000	94
3	81000000	82000000	26
3	82000000	83000000	30
3	83000000	84000000	4
3	84000000	85000000	53
3	85000000	86000000	25
3	86000000	87000000	129
3	87000000	88000000	41
3	88000000	89000000	38
3	89000000	90000000	2
3	90000000	91000000	33
3	91000000	92000000	71
3	92000000	93000000	98
3	93000000	94000000	69
3	94000000	95000000	41
3	95000000	96000000	113
3	96000000	97000000	51
3	97000000	98000000	12
3	98000000	99000000	51
3	99000000	100000000	53
3	100000000	101000000	18
3	101000000	102000000	47
3	102000000	103000000	66
3	103000000	104000000	0
3	104000000	105000000	28
3	105000000	106000000	78
3	106000000	107000000	34
3	107000000	108000000	59
3	108000000	109000000	91
3	109000000	110000000	41
3	110000000	111000000	35
3	111000000	112000000	63
3	112000000	113000000	62
3	113000000	114000000	23
3	114000000	115000000	3
3	115000000	116000000	2
3	116000000	117000000	0
3	117000000	118000000	0
3	118000000	119000000	1
3	119000000	120000000	3
3	120000000	121000000	9
3	121000000	122000000	63
3	122000000	123000000	12
3	123000000	124000000	31
3	124000000	125000000	18
3	125000000	126000000	33
3	126000000	127000000	30
3	127000000	128000000	20
3	128000000	129000000	28
3	129000000	130000000	2
3	130000000	131000000	13
3	131000000	132000000	38
3	132000000	133000000	48
3	133000000	134000000	23
3	134000000	135000000	22
3	135000000	136000000	7
3	136000000	137000000	25
3	137000000	138000000	20
3	138000000	139000000	25
3	139000000	140000000	20
3	140000000	141000000	69
3	141000000	142000000	28
3	142000000	143000000	60
3	143000000	144000000	118
3	144000000	145000000	25
3	145000000	146000000	42
3	146000000	147000000	22
3	147000000	148000000	42
3	148000000	149000000	25
3	149000000	150000000	11
3	150000000	151000000	15
3	151000000	152000000	16
3	152000000	153000000	1
3	153000000	154000000	14
3	154000000	155000000	8
3	155000000	156000000	11
3	156000000	157000000	5
3	157000000	158000000	10
3	158000000	159000000	20
3	159000000	160000000	8
3	160000000	161000000	16
3	161000000	162000000	3
3	162000000	163000000	39
3	163000000	164000000	17
3	164000000	165000000	19
3	165000000	166000000	9
3	166000000	167000000	8
3	167000000	168000000	18
3	168000000	169000000	2
3	169000000	170000000	4
3	170000000	171000000	2
3	171000000	172000000	6
3	172000000	173000000	17
3	173000000	174000000	7
3	174000000	175000000	7
3	175000000	176000000	15
3	176000000	177000000	2
3	177000000	178000000	13
3	178000000	179000000	33
3	179000000	180000000	23
3	180000000	181000000	33
3	181000000	182000000	17
3	182000000	183000000	6
3	183000000	184000000	4
3	184000000	185000000	16
3	185000000	186000000	10
3	186000000	187000000	47
3	187000000	188000000	13
3	188000000	189000000	31
3	189000000	190000000	14
3	190000000	191000000	5
3	191000000	192000000	17
3	192000000	193000000	15
3	193000000	194000000	12
3	194000000	195000000	7
3	195000000	196000000	14
3	196000000	197000000	58
3	197000000	198000000	13
3	198000000	199000000	7
3	199000000	200000000	5
3	200000000	201000000	17
3	201000000	202000000	2
3	202000000	203000000	10
3	203000000	204000000	5
3	204000000	205000000	28
3	205000000	206000000	3
3	206000000	207000000	12
3	207000000	208000000	14
3	208000000	209000000	23
3	209000000	210000000	13
3	210000000	211000000	36
3	211000000	212000000	7
3	212000000	213000000	7
3	213000000	214000000	9
3	214000000	215000000	1
3	215000000	216000000	3
3	216000000	217000000	5
3	217000000	218000000	6
3	218000000	219000000	15
3	219000000	220000000	13
3	220000000	221000000	16
3	221000000	222000000	21
3	222000000	223000000	16
3	223000000	224000000	58
3	224000000	225000000	26
3	225000000	226000000	14
3	226000000	227000000	26
3	227000000	228000000	10
3	228000000	229000000	24
3	229000000	230000000	49
3	230000000	231000000	25
3	231000000	232000000	4
3	232000000	233000000	11
3	233000000	234000000	15
3	234000000	235000000	5
3	235000000	236000000	5
3	236000000	237000000	8
3	237000000	238000000	2
3	238000000	239000000	3
3	239000000	240000000	1
3	240000000	241000000	13
3	241000000	242000000	22
3	242000000	243000000	5
3	243000000	244000000	1
3	244000000	245000000	10
3	245000000	246000000	10
3	246000000	247000000	39
3	247000000	248000000	18
3	248000000	249000000	20
3	249000000	250000000	18
3	250000000	251000000	8
3	251000000	252000000	14
3	252000000	253000000	19
3	253000000	254000000	39
3	254000000	255000000	18
3	255000000	256000000	6
3	256000000	257000000	4
3	257000000	258000000	48
3	258000000	259000000	25
3	259000000	260000000	51
3	260000000	261000000	27
3	261000000	262000000	22
3	262000000	263000000	19
3	263000000	264000000	21
3	264000000	265000000	7
3	265000000	266000000	22
3	266000000	267000000	21
3	267000000	268000000	31
3	268000000	269000000	49
3	269000000	270000000	42
3	270000000	271000000	25
3	271000000	272000000	23
3	272000000	273000000	39
3	273000000	274000000	43
3	274000000	275000000	33
3	275000000	276000000	38
3	276000000	277000000	47
3	277000000	278000000	28
3	278000000	279000000	19
3	279000000	280000000	9
3	280000000	281000000	19
3	281000000	282000000	84
3	282000000	283000000	16
3	283000000	284000000	15
3	284000000	285000000	39
3	285000000	286000000	19
3	286000000	287000000	26
3	287000000	288000000	16
3	288000000	289000000	27
3	289000000	290000000	30
3	290000000	291000000	22
3	291000000	292000000	70
3	292000000	293000000	26
3	293000000	294000000	14
3	294000000	295000000	13
3	295000000	296000000	15
3	296000000	297000000	24
3	297000000	298000000	42
3	298000000	299000000	18
3	299000000	300000000	19
3	300000000	301000000	44
3	301000000	302000000	109
3	302000000	303000000	23
3	303000000	304000000	15
3	304000000	305000000	11
3	305000000	306000000	42
3	306000000	306174733	7
4	0	1000000	62
4	1000000	2000000	13
4	2000000	3000000	53
4	3000000	4000000	18
4	4000000	5000000	28
4	5000000	6000000	19
4	6000000	7000000	8
4	7000000	8000000	26
4	8000000	9000000	62
4	9000000	10000000	17
4	10000000	11000000	20
4	11000000	12000000	31
4	12000000	13000000	75
4	13000000	14000000	22
4	14000000	15000000	4
4	15000000	16000000	19
4	16000000	17000000	23
4	17000000	18000000	43
4	18000000	19000000	27
4	19000000	20000000	6
4	20000000	21000000	20
4	21000000	22000000	1
4	22000000	23000000	11
4	23000000	24000000	0
4	24000000	25000000	1
4	25000000	26000000	5
4	26000000	27000000	8
4	27000000	28000000	20
4	28000000	29000000	44
4	29000000	30000000	25
4	30000000	31000000	40
4	31000000	32000000	29
4	32000000	33000000	30
4	33000000	34000000	7
4	34000000	35000000	23
4	35000000	36000000	11
4	36000000	37000000	10
4	37000000	38000000	5
4	38000000	39000000	18
4	39000000	40000000	19
4	40000000	41000000	7
4	41000000	42000000	3
4	42000000	43000000	9
4	43000000	44000000	13
4	44000000	45000000	9
4	45000000	46000000	15
4	46000000	47000000	20
4	47000000	48000000	4
4	48000000	49000000	26
4	49000000	50000000	43
4	50000000	51000000	14
4	51000000	52000000	9
4	52000000	53000000	19
4	53000000	54000000	12
4	54000000	55000000	40
4	55000000	56000000	12
4	56000000	57000000	21
4	57000000	58000000	3
4	58000000	59000000	6
4	59000000	60000000	22
4	60000000	61000000	21
4	61000000	62000000	26
4	62000000	63000000	25
4	63000000	64000000	1
4	64000000	65000000	17
4	65000000	66000000	24
4	66000000	67000000	7
4	67000000	68000000	7
4	68000000	69000000	30
4	69000000	70000000	6
4	70000000	71000000	25
4	71000000	72000000	10
4	72000000	73000000	5
4	73000000	74000000	13
4	74000000	75000000	2
4	75000000	76000000	36
4	76000000	77000000	20
4	77000000	78000000	6
4	78000000	79000000	7
4	79000000	80000000	41
4	80000000	81000000	41
4	81000000	82000000	51
4	82000000	83000000	25
4	83000000	84000000	18
4	84000000	85000000	21
4	85000000	86000000	7
4	86000000	87000000	18
4	87000000	88000000	42
4	88000000	89000000	50
4	89000000	90000000	46
4	90000000	91000000	55
4	91000000	92000000	68
4	92000000	93000000	81
4	93000000	94000000	31
4	94000000	95000000	49
4	95000000	96000000	76
4	96000000	97000000	14
4	97000000	98000000	0
4	98000000	99000000	3
4	99000000	100000000	0
4	100000000	101000000	0
4	101000000	102000000	0
4	102000000	103000000	0
4	103000000	104000000	0
4	104000000	105000000	1
4	105000000	106000000	0
4	106000000	107000000	0
4	107000000	108000000	0
4	108000000	109000000	28
4	109000000	110000000	51
4	110000000	111000000	107
4	111000000	112000000	28
4	112000000	113000000	33
4	113000000	114000000	72
4	114000000	115000000	29
4	115000000	116000000	21
4	116000000	117000000	71
4	117000000	118000000	71
4	118000000	119000000	43
4	119000000	120000000	24
4	120000000	121000000	69
4	121000000	122000000	6
4	122000000	123000000	1
4	123000000	124000000	19
4	124000000	125000000	19
4	125000000	126000000	17
4	126000000	127000000	2
4	127000000	128000000	7
4	128000000	129000000	1
4	129000000	130000000	0
4	130000000	131000000	0
4	131000000	132000000	0
4	132000000	133000000	0
4	133000000	134000000	16
4	134000000	135000000	51
4	135000000	136000000	72
4	136000000	137000000	79
4	137000000	138000000	57
4	138000000	139000000	45
4	139000000	140000000	23
4	140000000	141000000	37
4	141000000	142000000	41
4	142000000	143000000	42
4	143000000	144000000	101
4	144000000	145000000	53
4	145000000	146000000	38
4	146000000	147000000	63
4	147000000	148000000	21
4	148000000	149000000	559
4	149000000	150000000	440
4	150000000	151000000	92
4	151000000	152000000	78
4	152000000	153000000	41
4	153000000	154000000	40
4	154000000	155000000	74
4	155000000	156000000	19
4	156000000	157000000	7
4	157000000	158000000	18
4	158000000	159000000	31
4	159000000	160000000	19
4	160000000	161000000	237
4	161000000	162000000	78
4	162000000	163000000	21
4	163000000	164000000	16
4	164000000	165000000	27
4	165000000	166000000	83
4	166000000	167000000	24
4	167000000	168000000	18
4	168000000	169000000	21
4	169000000	170000000	38
4	170000000	171000000	21
4	171000000	172000000	23
4	172000000	173000000	4
4	173000000	174000000	9
4	174000000	175000000	7
4	175000000	176000000	15
4	176000000	177000000	17
4	177000000	178000000	18
4	178000000	179000000	24
4	179000000	180000000	1
4	180000000	181000000	2
4	181000000	182000000	21
4	182000000	183000000	22
4	183000000	184000000	13
4	184000000	185000000	13
4	185000000	186000000	11
4	186000000	187000000	22
4	187000000	188000000	2
4	188000000	189000000	22
4	189000000	190000000	32
4	190000000	191000000	20
4	191000000	192000000	23
4	192000000	193000000	19
4	193000000	194000000	1
4	194000000	195000000	5
4	195000000	196000000	22
4	196000000	197000000	51
4	197000000	198000000	32
4	198000000	199000000	40
4	199000000	200000000	3
4	200000000	201000000	7
4	201000000	202000000	27
4	202000000	203000000	37
4	203000000	204000000	30
4	204000000	205000000	12
4	205000000	206000000	20
4	206000000	207000000	6
4	207000000	208000000	13
4	208000000	209000000	24
4	209000000	210000000	7
4	210000000	211000000	18
4	211000000	212000000	10
4	212000000	213000000	8
4	213000000	214000000	15
4	214000000	215000000	5
4	215000000	216000000	28
4	216000000	217000000	26
4	217000000	218000000	14
4	218000000	219000000	0
4	219000000	220000000	4
4	220000000	221000000	8
4	221000000	222000000	14
4	222000000	223000000	21
4	223000000	224000000	16
4	224000000	225000000	8
4	225000000	226000000	23
4	226000000	227000000	27
4	227000000	228000000	34
4	228000000	229000000	42
4	229000000	230000000	5
4	230000000	231000000	13
4	231000000	232000000	6
4	232000000	233000000	35
4	233000000	234000000	5
4	234000000	235000000	6
4	235000000	236000000	9
4	236000000	237000000	11
4	237000000	238000000	11
4	238000000	239000000	6
4	239000000	240000000	13
4	240000000	241000000	18
4	241000000	242000000	25
4	242000000	243000000	31
4	243000000	244000000	11
4	244000000	245000000	18
4	245000000	246000000	3
4	246000000	247000000	19
4	247000000	248000000	21
4	248000000	249000000	21
4	249000000	250000000	9
4	250000000	251000000	29
4	251000000	252000000	31
4	252000000	253000000	34
4	253000000	254000000	34
4	254000000	255000000	22
4	255000000	256000000	14
4	256000000	257000000	30
4	257000000	258000000	13
4	258000000	259000000	18
4	259000000	260000000	46
4	260000000	261000000	31
4	261000000	262000000	23
4	262000000	263000000	47
4	263000000	264000000	10
4	264000000	265000000	22
4	265000000	266000000	28
4	266000000	267000000	19
4	267000000	268000000	14
4	268000000	269000000	17
4	269000000	270000000	2
4	270000000	271000000	47
4	271000000	271247359	6
5	0	1000000	19
5	1000000	2000000	15
5	2000000	3000000	87
5	3000000	4000000	20
5	4000000	5000000	18
5	5000000	6000000	19
5	6000000	7000000	5
5	7000000	8000000	29
5	8000000	9000000	25
5	9000000	10000000	13
5	10000000	11000000	11
5	11000000	12000000	14
5	12000000	13000000	51
5	13000000	14000000	40
5	14000000	15000000	21
5	15000000	16000000	30
5	16000000	17000000	35
5	17000000	18000000	11
5	18000000	19000000	14
5	19000000	20000000	49
5	20000000	21000000	33
5	21000000	22000000	5
5	22000000	23000000	4
5	23000000	24000000	10
5	24000000	25000000	8
5	25000000	26000000	1
5	26000000	27000000	9
5	27000000	28000000	0
5	28000000	29000000	0
5	29000000	30000000	52
5	30000000	31000000	50
5	31000000	32000000	25
5	32000000	33000000	23
5	33000000	34000000	32
5	34000000	35000000	20
5	35000000	36000000	30
5	36000000	37000000	16
5	37000000	38000000	10
5	38000000	39000000	18
5	39000000	40000000	10
5	40000000	41000000	43
5	41000000	42000000	19
5	42000000	43000000	11
5	43000000	44000000	17
5	44000000	45000000	8
5	45000000	46000000	17
5	46000000	47000000	7
5	47000000	48000000	2
5	48000000	49000000	20
5	49000000	50000000	20
5	50000000	51000000	14
5	51000000	52000000	9
5	52000000	53000000	19
5	53000000	54000000	4
5	54000000	55000000	13
5	55000000	56000000	22
5	56000000	57000000	32
5	57000000	58000000	23
5	58000000	59000000	0
5	59000000	60000000	3
5	60000000	61000000	0
5	61000000	62000000	0
5	62000000	63000000	0
5	63000000	64000000	19
5	64000000	65000000	45
5	65000000	66000000	5
5	66000000	67000000	8
5	67000000	68000000	20
5	68000000	69000000	21
5	69000000	70000000	4
5	70000000	71000000	12
5	71000000	72000000	3
5	72000000	73000000	45
5	73000000	74000000	52
5	74000000	75000000	73
5	75000000	76000000	30
5	76000000	77000000	4
5	77000000	78000000	31
5	78000000	79000000	14
5	79000000	80000000	2
5	80000000	81000000	49
5	81000000	82000000	66
5	82000000	83000000	37
5	83000000	84000000	31
5	84000000	85000000	92
5	85000000	86000000	3
5	86000000	87000000	31
5	87000000	88000000	58
5	88000000	89000000	69
5	89000000	90000000	58
5	90000000	91000000	65
5	91000000	92000000	81
5	92000000	93000000	119
5	93000000	94000000	17
5	94000000	95000000	21
5	95000000	96000000	67
5	96000000	97000000	14
5	97000000	98000000	25
5	98000000	99000000	8
5	99000000	100000000	0
5	100000000	101000000	0
5	101000000	102000000	0
5	102000000	103000000	23
5	103000000	104000000	88
5	104000000	105000000	148
5	105000000	106000000	46
5	106000000	107000000	59
5	107000000	108000000	12
5	108000000	109000000	47
5	109000000	110000000	43
5	110000000	111000000	33
5	111000000	112000000	57
5	112000000	113000000	24
5	113000000	114000000	46
5	114000000	115000000	36
5	115000000	116000000	143
5	116000000	117000000	102
5	117000000	118000000	50
5	118000000	119000000	6
5	119000000	120000000	57
5	120000000	121000000	52
5	121000000	122000000	5
5	122000000	123000000	60
5	123000000	124000000	88
5	124000000	125000000	49
5	125000000	126000000	18
5	126000000	127000000	17
5	127000000	128000000	5
5	128000000	129000000	36
5	129000000	130000000	2
5	130000000	131000000	6
5	131000000	132000000	2
5	132000000	133000000	9
5	133000000	134000000	19
5	134000000	135000000	21
5	135000000	136000000	36
5	136000000	137000000	7
5	137000000	138000000	7
5	138000000	139000000	7
5	139000000	140000000	7
5	140000000	141000000	5
5	141000000	142000000	7
5	142000000	143000000	14
5	143000000	144000000	14
5	144000000	145000000	13
5	145000000	146000000	17
5	146000000	147000000	26
5	147000000	148000000	38
5	148000000	149000000	3
5	149000000	150000000	14
5	150000000	151000000	11
5	151000000	152000000	20
5	152000000	153000000	12
5	153000000	154000000	12
5	154000000	155000000	19
5	155000000	156000000	14
5	156000000	157000000	17
5	157000000	158000000	24
5	158000000	159000000	14
5	159000000	160000000	13
5	160000000	161000000	29
5	161000000	162000000	25
5	162000000	163000000	20
5	163000000	164000000	23
5	164000000	165000000	48
5	165000000	166000000	35
5	166000000	167000000	6
5	167000000	168000000	19
5	168000000	169000000	9
5	169000000	170000000	6
5	170000000	171000000	11
5	171000000	172000000	2
5	172000000	173000000	8
5	173000000	174000000	10
5	174000000	175000000	29
5	175000000	176000000	15
5	176000000	177000000	27
5	177000000	178000000	14
5	178000000	179000000	22
5	179000000	180000000	15
5	180000000	181000000	71
5	181000000	182000000	37
5	182000000	183000000	26
5	183000000	184000000	24
5	184000000	185000000	30
5	185000000	186000000	17
5	186000000	187000000	11
5	187000000	188000000	25
5	188000000	189000000	31
5	189000000	190000000	25
5	190000000	191000000	13
5	191000000	192000000	4
5	192000000	193000000	17
5	193000000	194000000	44
5	194000000	195000000	50
5	195000000	196000000	12
5	196000000	197000000	5
5	197000000	198000000	22
5	198000000	199000000	16
5	199000000	200000000	20
5	200000000	201000000	20
5	201000000	202000000	31
5	202000000	203000000	38
5	203000000	204000000	17
5	204000000	205000000	37
5	205000000	206000000	16
5	206000000	207000000	12
5	207000000	208000000	25
5	208000000	209000000	30
5	209000000	210000000	34
5	210000000	211000000	16
5	211000000	212000000	27
5	212000000	213000000	29
5	213000000	214000000	18
5	214000000	215000000	29
5	215000000	216000000	30
5	216000000	217000000	12
5	217000000	218000000	31
5	218000000	219000000	53
5	219000000	220000000	39
5	220000000	221000000	30
5	221000000	222000000	3
5	222000000	223000000	113
5	223000000	224000000	38
5	224000000	224655500	63
6	0	1000000	139
6	1000000	2000000	20
6	2000000	3000000	9
6	3000000	4000000	70
6	4000000	5000000	46
6	5000000	6000000	76
6	6000000	7000000	49
6	7000000	8000000	42
6	8000000	9000000	8
6	9000000	10000000	17
6	10000000	11000000	7
6	11000000	12000000	7
6	12000000	13000000	38
6	13000000	14000000	118
6	14000000	15000000	57
6	15000000	16000000	25
6	16000000	17000000	56
6	17000000	18000000	23
6	18000000	19000000	9
6	19000000	20000000	48
6	20000000	21000000	27
6	21000000	22000000	51
6	22000000	23000000	32
6	23000000	24000000	23
6	24000000	25000000	58
6	25000000	26000000	103
6	26000000	27000000	63
6	27000000	28000000	16
6	28000000	29000000	69
6	29000000	30000000	37
6	30000000	31000000	8
6	31000000	32000000	56
6	32000000	33000000	23
6	33000000	34000000	13
6	34000000	35000000	7
6	35000000	36000000	1
6	36000000	37000000	0
6	37000000	38000000	0
6	38000000	39000000	3
6	39000000	40000000	25
6	40000000	41000000	28
6	41000000	42000000	22
6	42000000	43000000	66
6	43000000	44000000	44
6	44000000	45000000	35
6	45000000	46000000	33
6	46000000	47000000	5
6	47000000	48000000	5
6	48000000	49000000	26
6	49000000	50000000	28
6	50000000	51000000	26
6	51000000	52000000	44
6	52000000	53000000	45
6	53000000	54000000	60
6	54000000	55000000	62
6	55000000	56000000	25
6	56000000	57000000	12
6	57000000	58000000	53
6	58000000	59000000	28
6	59000000	60000000	32
6	60000000	61000000	41
6	61000000	62000000	25
6	62000000	63000000	37
6	63000000	64000000	18
6	64000000	65000000	4
6	65000000	66000000	34
6	66000000	67000000	18
6	67000000	68000000	60
6	68000000	69000000	28
6	69000000	70000000	9
6	70000000	71000000	44
6	71000000	72000000	125
6	72000000	73000000	35
6	73000000	74000000	65
6	74000000	75000000	50
6	75000000	76000000	33
6	76000000	77000000	20
6	77000000	78000000	28
6	78000000	79000000	18
6	79000000	80000000	0
6	80000000	81000000	0
6	81000000	82000000	0
6	82000000	83000000	75
6	83000000	84000000	49
6	84000000	85000000	80
6	85000000	86000000	112
6	86000000	87000000	36
6	87000000	88000000	30
6	88000000	89000000	76
6	89000000	90000000	125
6	90000000	91000000	65
6	91000000	92000000	107
6	92000000	93000000	73
6	93000000	94000000	11
6	94000000	95000000	71
6	95000000	96000000	27
6	96000000	97000000	107
6	97000000	98000000	74
6	98000000	98016158	6
7	0	1000000	124
7	1000000	2000000	157
7	2000000	3000000	103
7	3000000	4000000	83
7	4000000	5000000	30
7	5000000	6000000	32
7	6000000	7000000	75
7	7000000	8000000	13
7	8000000	9000000	28
7	9000000	10000000	81
7	10000000	11000000	48
7	11000000	12000000	69
7	12000000	13000000	22
7	13000000	14000000	82
7	14000000	15000000	55
7	15000000	16000000	13
7	16000000	17000000	84
7	17000000	18000000	107
7	18000000	19000000	45
7	19000000	20000000	30
7	20000000	21000000	54
7	21000000	22000000	59
7	22000000	23000000	37
7	23000000	24000000	53
7	24000000	25000000	0
7	25000000	26000000	0
7	26000000	27000000	0
7	27000000	28000000	43
7	28000000	29000000	71
7	29000000	30000000	106
7	30000000	31000000	74
7	31000000	32000000	76
7	32000000	33000000	36
7	33000000	34000000	74
7	34000000	35000000	55
7	35000000	36000000	63
7	36000000	37000000	17
7	37000000	38000000	13
7	38000000	39000000	20
7	39000000	40000000	11
7	40000000	41000000	10
7	41000000	42000000	14
7	42000000	43000000	31
7	43000000	44000000	18
7	44000000	45000000	17
7	45000000	46000000	6
7	46000000	47000000	38
7	47000000	48000000	11
7	48000000	49000000	37
7	49000000	50000000	31
7	50000000	51000000	13
7	51000000	52000000	3
7	52000000	53000000	26
7	53000000	54000000	13
7	54000000	55000000	22
7	55000000	56000000	16
7	56000000	57000000	36
7	57000000	58000000	15
7	58000000	59000000	20
7	59000000	60000000	75
7	60000000	61000000	34
7	61000000	62000000	35
7	62000000	63000000	73
7	63000000	64000000	33
7	64000000	65000000	10
7	65000000	66000000	20
7	66000000	67000000	53
7	67000000	68000000	41
7	68000000	69000000	10
7	69000000	70000000	45
7	70000000	71000000	18
7	71000000	72000000	14
7	72000000	73000000	12
7	73000000	74000000	41
7	74000000	75000000	19
7	75000000	76000000	34
7	76000000	77000000	44
7	77000000	78000000	31
7	78000000	79000000	10
7	79000000	80000000	23
7	80000000	81000000	10
7	81000000	82000000	22
7	82000000	83000000	17
7	83000000	83298024	8
8	0	1000000	31
8	1000000	2000000	22
8	2000000	3000000	8
8	3000000	4000000	1
8	4000000	5000000	1
8	5000000	6000000	11
8	6000000	7000000	13
8	7000000	8000000	0
8	8000000	9000000	0
8	9000000	10000000	4
8	10000000	11000000	12
8	11000000	12000000	4
8	12000000	13000000	19
8	13000000	14000000	28
8	14000000	15000000	8
8	15000000	16000000	7
8	16000000	17000000	5
8	17000000	18000000	4
8	18000000	19000000	14
8	19000000	20000000	5
8	20000000	21000000	0
8	21000000	22000000	14
8	22000000	23000000	2
8	23000000	24000000	4
8	24000000	25000000	7
8	25000000	26000000	4
8	26000000	27000000	2
8	27000000	28000000	17
8	28000000	29000000	10
8	29000000	30000000	5
8	30000000	31000000	11
8	31000000	32000000	10
8	32000000	33000000	5
8	33000000	34000000	1
8	34000000	35000000	3
8	35000000	36000000	4
8	36000000	37000000	1
8	37000000	38000000	5
8	38000000	39000000	1
8	39000000	40000000	4
8	40000000	41000000	5
8	41000000	42000000	5
8	42000000	43000000	1
8	43000000	44000000	1
8	44000000	45000000	7
8	45000000	46000000	3
8	46000000	47000000	8
8	47000000	48000000	10
8	48000000	49000000	0
8	49000000	50000000	14
8	50000000	51000000	4
8	51000000	51939674	1
9	0	1000000	0
9	1000000	2000000	0
9	2000000	3000000	1
9	3000000	4000000	8
9	4000000	5000000	3
9	5000000	6000000	0
9	6000000	7000000	9
9	7000000	8000000	52
9	8000000	9000000	28
9	9000000	10000000	5
9	10000000	11000000	3
9	11000000	12000000	13
9	12000000	13000000	15
9	13000000	14000000	24
9	14000000	15000000	70
9	15000000	16000000	2
9	16000000	17000000	64
9	17000000	18000000	45
9	18000000	19000000	36
9	19000000	20000000	82
9	20000000	21000000	45
9	21000000	22000000	47
9	22000000	23000000	39
9	23000000	24000000	28
9	24000000	25000000	54
9	25000000	26000000	42
9	26000000	27000000	8
9	27000000	28000000	43
9	28000000	29000000	36
9	29000000	30000000	63
9	30000000	31000000	71
9	31000000	32000000	118
9	32000000	33000000	37
9	33000000	34000000	17
9	34000000	35000000	14
9	35000000	36000000	62
9	36000000	37000000	40
9	37000000	38000000	67
9	38000000	39000000	34
9	39000000	40000000	67
9	40000000	41000000	19
9	41000000	42000000	17
9	42000000	43000000	188
9	43000000	44000000	57
9	44000000	45000000	22
9	45000000	46000000	74
9	46000000	47000000	6
9	47000000	48000000	1
9	48000000	49000000	41
9	49000000	49362028	13
10	0	1000000	59
10	1000000	2000000	93
10	2000000	3000000	8
10	3000000	4000000	53
10	4000000	5000000	43
10	5000000	6000000	15
10	6000000	7000000	26
10	7000000	8000000	30
10	8000000	9000000	70
10	9000000	10000000	31
10	10000000	11000000	98
10	11000000	12000000	54
10	12000000	13000000	11
10	13000000	14000000	51
10	14000000	15000000	79
10	15000000	16000000	24
10	16000000	17000000	41
10	17000000	18000000	20
10	18000000	19000000	28
10	19000000	20000000	16
10	20000000	21000000	27
10	21000000	22000000	79
10	22000000	23000000	18
10	23000000	24000000	31
10	24000000	25000000	45
10	25000000	26000000	13
10	26000000	27000000	67
10	27000000	28000000	17
10	28000000	29000000	6
10	29000000	30000000	22
10	30000000	31000000	47
10	31000000	32000000	17
10	32000000	33000000	20
10	33000000	34000000	22
10	34000000	35000000	62
10	35000000	36000000	1
10	36000000	37000000	1
10	37000000	37089465	0
11	0	1000000	1
11	1000000	2000000	103
11	2000000	3000000	68
11	3000000	4000000	10
11	4000000	5000000	33
11	5000000	6000000	16
11	6000000	7000000	32
11	7000000	8000000	83
11	8000000	9000000	107
11	9000000	10000000	42
11	10000000	11000000	18
11	11000000	12000000	33
11	12000000	13000000	20
11	13000000	14000000	31
11	14000000	15000000	53
11	15000000	16000000	26
11	16000000	17000000	30
11	17000000	18000000	7
11	18000000	19000000	59
11	19000000	20000000	64
11	20000000	21000000	44
11	21000000	22000000	104
11	22000000	23000000	25
11	23000000	24000000	25
11	24000000	25000000	30
11	25000000	26000000	19
11	26000000	27000000	26
11	27000000	28000000	29
11	28000000	29000000	41
11	29000000	30000000	21
11	30000000	31000000	16
11	31000000	32000000	33
11	32000000	33000000	33
11	33000000	34000000	13
11	34000000	35000000	0
11	35000000	35404834	0
12	0	1000000	4
12	1000000	2000000	0
12	2000000	3000000	0
12	3000000	4000000	0
12	4000000	5000000	10
12	5000000	6000000	3
12	6000000	7000000	0
12	7000000	8000000	10
12	8000000	9000000	0
12	9000000	10000000	11
12	10000000	11000000	27
12	11000000	12000000	28
12	12000000	13000000	24
12	13000000	14000000	51
12	14000000	15000000	0
12	15000000	16000000	42
12	16000000	17000000	12
12	17000000	18000000	9
12	18000000	19000000	14
12	19000000	20000000	8
12	20000000	21000000	0
12	21000000	22000000	4
12	22000000	23000000	12
12	23000000	24000000	12
12	24000000	25000000	20
12	25000000	26000000	2
12	26000000	27000000	27
12	27000000	28000000	5
12	28000000	29000000	41
12	29000000	30000000	15
12	30000000	31000000	6
12	31000000	32000000	3
12	32000000	33000000	29
12	33000000	33619221	0
13	0	1000000	6
13	1000000	2000000	0
13	2000000	3000000	16
13	3000000	4000000	11
13	4000000	5000000	1
13	5000000	6000000	9
13	6000000	7000000	0
13	7000000	8000000	7
13	8000000	9000000	6
13	9000000	10000000	8
13	10000000	11000000	4
13	11000000	12000000	3
13	12000000	13000000	1
13	13000000	14000000	2
13	14000000	15000000	1
13	15000000	16000000	4
13	16000000	17000000	3
13	17000000	18000000	2
13	18000000	19000000	3
13	19000000	20000000	0
13	20000000	21000000	1
13	21000000	22000000	1
13	22000000	23000000	0
13	23000000	24000000	10
13	24000000	25000000	4
13	25000000	26000000	3
13	26000000	26556177	3
14	0	1000000	39
14	1000000	2000000	47
14	2000000	3000000	102
14	3000000	4000000	41
14	4000000	5000000	37
14	5000000	6000000	33
14	6000000	7000000	64
14	7000000	8000000	65
14	8000000	9000000	25
14	9000000	10000000	73
14	10000000	11000000	17
14	11000000	12000000	83
14	12000000	13000000	64
14	13000000	14000000	67
14	14000000	15000000	49
14	15000000	16000000	47
14	16000000	16103878	0
15	0	1000000	44
15	1000000	2000000	73
15	2000000	3000000	105
15	3000000	4000000	63
15	4000000	5000000	39
15	5000000	6000000	88
15	6000000	7000000	50
15	7000000	8000000	78
15	8000000	9000000	70
15	9000000	10000000	36
15	10000000	11000000	87
15	11000000	12000000	54
15	12000000	13000000	89
15	13000000	14000000	85
15	14000000	15000000	53
15	15000000	15625480	11
16	0	1000000	0
16	1000000	2000000	4
16	2000000	3000000	8
16	3000000	4000000	7
16	4000000	5000000	2
16	5000000	6000000	1
16	6000000	7000000	0
16	7000000	8000000	0
16	8000000	9000000	1
16	9000000	10000000	1
16	10000000	11000000	7
16	11000000	12000000	40
16	12000000	13000000	7
16	13000000	14000000	3
16	14000000	15000000	2
16	15000000	15407528	1
17	0	1000000	45
17	1000000	2000000	31
17	2000000	3000000	103
17	3000000	4000000	58
17	4000000	5000000	110
17	5000000	6000000	236
17	6000000	7000000	146
17	7000000	8000000	59
17	8000000	9000000	52
17	9000000	10000000	41
17	10000000	11000000	1
17	11000000	12000000	14
17	12000000	13000000	23
17	13000000	14000000	6
17	14000000	15000000	0
17	15000000	15406785	0
18	0	1000000	0
18	1000000	2000000	14
18	2000000	3000000	26
18	3000000	4000000	41
18	4000000	5000000	24
18	5000000	6000000	35
18	6000000	7000000	35
18	7000000	8000000	51
18	8000000	9000000	20
18	9000000	10000000	17
18	10000000	11000000	0
18	11000000	11697059	2
19	0	1000000	0
19	1000000	2000000	0
19	2000000	3000000	0
19	3000000	4000000	10
19	4000000	4125934	0
20	0	1000000	0
20	1000000	2000000	5
20	2000000	3000000	0
20	3000000	3515449	0
21	0	1000000	156
21	1000000	2000000	57
21	2000000	2836628	9
22	0	1000000	0
22	1000000	2000000	0
22	2000000	2727563	0
23	0	1000000	0
23	1000000	2000000	0
23	2000000	2587089	2
24	0	1000000	23
24	1000000	2000000	0
24	2000000	2414588	0
25	0	1000000	19
25	1000000	2000000	1
25	2000000	2141127	0
26	0	1000000	1
26	1000000	2000000	3
26	2000000	2007967	0
27	0	1000000	0
27	1000000	1717686	0
28	0	1000000	0
28	1000000	1407720	0
29	0	1000000	58
29	1000000	1346176	14
30	0	1000000	0
30	1000000	1149000	0
31	0	1000000	0
31	1000000	1039000	0
32	0	1000000	0
32	1000000	1001535	0
33	0	931267	0
34	0	879908	0
35	0	872644	0
36	0	846618	0
37	0	825271	0
38	0	713803	38
39	0	671799	55
40	0	629614	0
41	0	618964	0
42	0	589567	0
43	0	573659	0
44	0	550554	0
45	0	535728	14
46	0	526363	0
47	0	509581	0
48	0	496921	5
49	0	484894	15
50	0	481966	0
51	0	429618	18
52	0	412592	0
53	0	411973	0
54	0	399963	0
55	0	397988	0
56	0	378310	11
57	0	366919	0
58	0	327256	0
59	0	311583	0
60	0	307000	0
61	0	251760	0
62	0	251049	0
63	0	249624	0
64	0	226785	0
65	0	226354	0
66	0	220791	0
67	0	207574	0
68	0	189523	0
69	0	181422	0
70	0	180884	0
71	0	178137	0
72	0	176112	0
73	0	174888	0
74	0	166549	1
75	0	163691	0
76	0	163571	0
77	0	160505	0
78	0	154972	0
79	0	152835	0
80	0	149065	0
81	0	141295	0
82	0	135868	0
83	0	134579	0
84	0	133009	0
85	0	130468	0
86	0	124809	0
87	0	121928	0
88	0	109126	4
89	0	109102	0
90	0	107516	0
91	0	107000	4
92	0	105178	0
93	0	100861	0
94	0	100674	0
95	0	99000	0
96	0	96417	0
97	0	93877	0
98	0	92991	0
99	0	92495	0
100	0	92390	0
101	0	91597	0
102	0	86096	0
103	0	85140	0
104	0	82288	0
105	0	79498	0
106	0	77415	0
107	0	73003	0
108	0	70878	0
109	0	68636	0
110	0	67009	0
111	0	66038	0
112	0	64689	0
113	0	64345	0
114	0	63358	0
115	0	63073	0
116	0	62795	0
117	0	60024	0
118	0	58920	0
119	0	58394	0
120	0	58206	0
121	0	57696	0
122	0	57346	0
123	0	54133	0
124	0	53760	0
125	0	53457	0
126	0	53448	0
127	0	53024	0
128	0	52166	0
129	0	47528	0
130	0	47201	0
131	0	47048	0
132	0	45112	0
133	0	44919	0
134	0	44455	0
135	0	44220	0
136	0	43825	4
137	0	43341	0
138	0	43067	0
139	0	41784	0
140	0	40453	0
141	0	39559	0
142	0	39153	0
143	0	39002	0
144	0	38446	0
145	0	38439	0
146	0	38208	0
147	0	37932	0
148	0	37637	0
149	0	36542	0
150	0	36439	0
151	0	36164	0
152	0	35806	0
153	0	35558	0
154	0	35268	0
155	0	35018	0
156	0	34812	0
157	0	34755	0
158	0	33826	0
159	0	33810	0
160	0	33740	0
161	0	33299	0
162	0	33090	0
163	0	32649	0
164	0	32363	0
165	0	32264	0
166	0	30833	0
167	0	30551	0
168	0	30542	0
169	0	30331	0
170	0	29917	0
171	0	29695	0
172	0	29486	0
173	0	29186	0
174	0	28478	0
175	0	28247	0
176	0	28066	0
177	0	27709	0
178	0	27553	0
179	0	27304	0
180	0	26495	0
181	0	26407	0
182	0	26401	0
183	0	26323	0
184	0	26258	0
185	0	25949	0
186	0	25865	0
187	0	25301	0
188	0	25282	0
189	0	25260	0
190	0	25188	0
191	0	25095	0
192	0	25055	0
193	0	24944	0
194	0	24740	0
195	0	24451	0
196	0	24300	0
197	0	24266	0
198	0	24155	0
199	0	23960	0
200	0	23879	0
201	0	23793	0
202	0	23669	0
203	0	23490	0
204	0	23342	0
205	0	22956	0
206	0	22630	0
207	0	22144	0
208	0	22121	0
209	0	21213	0
210	0	21171	0
211	0	20666	0
212	0	20637	0
213	0	20568	0
214	0	20545	0
215	0	20118	0
216	0	20107	0
217	0	20028	0
218	0	20009	0
219	0	19811	0
220	0	19766	0
221	0	19702	0
222	0	19626	0
223	0	19375	0
224	0	18999	0
225	0	18988	0
226	0	18133	0
227	0	18081	0
228	0	17936	0
229	0	16951	0
230	0	16930	0
231	0	16436	0
232	0	16126	0
233	0	14468	0
234	0	14255	0
235	0	13893	0
236	0	13872	0
237	0	13720	0
238	0	12464	0
239	0	9095	0
240	0	5000	0
241	0	1000	0
