1	0	1000000	4146
1	1000000	2000000	3850
1	2000000	3000000	4203
1	3000000	4000000	3974
1	4000000	5000000	4023
1	5000000	6000000	3910
1	6000000	7000000	3387
1	7000000	8000000	3498
1	8000000	9000000	3740
1	9000000	10000000	3808
1	10000000	11000000	3114
1	11000000	12000000	3131
1	12000000	13000000	3543
1	13000000	14000000	3185
1	14000000	15000000	3099
1	15000000	16000000	3184
1	16000000	17000000	3012
1	17000000	18000000	3279
1	18000000	19000000	2714
1	19000000	20000000	2667
1	20000000	21000000	2763
1	21000000	22000000	3257
1	22000000	23000000	3215
1	23000000	24000000	3105
1	24000000	25000000	3070
1	25000000	26000000	3006
1	26000000	27000000	3106
1	27000000	28000000	3034
1	28000000	29000000	3069
1	29000000	30000000	3224
1	30000000	31000000	2479
1	31000000	32000000	2871
1	32000000	33000000	2795
1	33000000	34000000	2708
1	34000000	35000000	2842
1	35000000	36000000	2920
1	36000000	37000000	2898
1	37000000	38000000	2530
1	38000000	39000000	2543
1	39000000	40000000	2265
1	40000000	41000000	2379
1	41000000	42000000	2864
1	42000000	43000000	2854
1	43000000	44000000	2571
1	44000000	45000000	2482
1	45000000	46000000	2557
1	46000000	47000000	2567
1	47000000	48000000	2332
1	48000000	49000000	2549
1	49000000	50000000	2639
1	50000000	51000000	2564
1	51000000	52000000	2465
1	52000000	53000000	2419
1	53000000	54000000	2597
1	54000000	55000000	2605
1	55000000	56000000	2666
1	56000000	57000000	2689
1	57000000	58000000	2652
1	58000000	59000000	2633
1	59000000	60000000	2380
1	60000000	61000000	2614
1	61000000	62000000	2301
1	62000000	63000000	2479
1	63000000	64000000	2635
1	64000000	65000000	2289
1	65000000	66000000	2395
1	66000000	67000000	2518
1	67000000	68000000	2558
1	68000000	69000000	2543
1	69000000	70000000	2785
1	70000000	71000000	2532
1	71000000	72000000	2439
1	72000000	73000000	2632
1	73000000	74000000	2557
1	74000000	75000000	2345
1	75000000	76000000	2088
1	76000000	77000000	2522
1	77000000	78000000	2650
1	78000000	79000000	2217
1	79000000	80000000	2422
1	80000000	81000000	2337
1	81000000	82000000	2299
1	82000000	83000000	2405
1	83000000	84000000	2252
1	84000000	85000000	2322
1	85000000	86000000	2225
1	86000000	87000000	2380
1	87000000	88000000	2608
1	88000000	89000000	2656
1	89000000	90000000	2424
1	90000000	91000000	2445
1	91000000	92000000	2473
1	92000000	93000000	2438
1	93000000	94000000	2234
1	94000000	95000000	2369
1	95000000	96000000	2587
1	96000000	97000000	2281
1	97000000	98000000	2383
1	98000000	99000000	2438
1	99000000	100000000	2552
1	100000000	101000000	2543
1	101000000	102000000	2381
1	102000000	103000000	2479
1	103000000	104000000	2487
1	104000000	105000000	2648
1	105000000	106000000	2511
1	106000000	107000000	2520
1	107000000	108000000	2656
1	108000000	109000000	2307
1	109000000	110000000	2283
1	110000000	111000000	2876
1	111000000	112000000	2375
1	112000000	113000000	2618
1	113000000	114000000	2433
1	114000000	115000000	2176
1	115000000	116000000	2301
1	116000000	117000000	2601
1	117000000	118000000	2586
1	118000000	119000000	2681
1	119000000	120000000	3018
1	120000000	121000000	2605
1	121000000	122000000	2761
1	122000000	123000000	2502
1	123000000	124000000	2481
1	124000000	125000000	2522
1	125000000	126000000	2598
1	126000000	127000000	2643
1	127000000	128000000	2214
1	128000000	129000000	2464
1	129000000	130000000	2240
1	130000000	131000000	2236
1	131000000	132000000	2374
1	132000000	133000000	2589
1	133000000	134000000	2495
1	134000000	135000000	2375
1	135000000	136000000	2875
1	136000000	137000000	2668
1	137000000	138000000	2357
1	138000000	139000000	2188
1	139000000	140000000	2368
1	140000000	141000000	2916
1	141000000	142000000	2927
1	142000000	143000000	2650
1	143000000	144000000	2608
1	144000000	145000000	2533
1	145000000	146000000	2903
1	146000000	147000000	3083
1	147000000	148000000	3121
1	148000000	149000000	2580
1	149000000	150000000	2526
1	150000000	151000000	2847
1	151000000	152000000	2917
1	152000000	153000000	2706
1	153000000	154000000	2988
1	154000000	155000000	2618
1	155000000	156000000	2477
1	156000000	157000000	2438
1	157000000	158000000	3112
1	158000000	159000000	3146
1	159000000	160000000	3033
1	160000000	161000000	2764
1	161000000	162000000	2983
1	162000000	163000000	2763
1	163000000	164000000	2596
1	164000000	165000000	2714
1	165000000	166000000	2533
1	166000000	167000000	2854
1	167000000	168000000	2744
1	168000000	169000000	3046
1	169000000	170000000	2820
1	170000000	171000000	2736
1	171000000	172000000	3413
1	172000000	173000000	2619
1	173000000	174000000	2938
1	174000000	175000000	2662
1	175000000	176000000	2624
1	176000000	177000000	2610
1	177000000	178000000	2532
1	178000000	179000000	2219
1	179000000	180000000	2476
1	180000000	181000000	2455
1	181000000	182000000	2259
1	182000000	183000000	3316
1	183000000	184000000	4984
1	184000000	185000000	3981
1	185000000	186000000	2530
1	186000000	187000000	2585
1	187000000	188000000	2457
1	188000000	189000000	2415
1	189000000	190000000	2397
1	190000000	191000000	2418
1	191000000	192000000	2605
1	192000000	193000000	2797
1	193000000	194000000	2420
1	194000000	195000000	2420
1	195000000	196000000	2721
1	196000000	197000000	3022
1	197000000	198000000	2913
1	198000000	199000000	2897
1	199000000	200000000	2827
1	200000000	201000000	2850
1	201000000	202000000	2531
1	202000000	203000000	2480
1	203000000	204000000	2758
1	204000000	205000000	3058
1	205000000	206000000	2679
1	206000000	207000000	2528
1	207000000	208000000	2717
1	208000000	209000000	2416
1	209000000	210000000	2727
1	210000000	211000000	2951
1	211000000	212000000	2947
1	212000000	213000000	2371
1	213000000	214000000	2893
1	214000000	215000000	3189
1	215000000	216000000	2862
1	216000000	217000000	2582
1	217000000	218000000	2705
1	218000000	219000000	2803
1	219000000	220000000	2475
1	220000000	221000000	2496
1	221000000	222000000	2613
1	222000000	223000000	2495
1	223000000	224000000	2737
1	224000000	225000000	2655
1	225000000	226000000	2490
1	226000000	227000000	2626
1	227000000	228000000	2603
1	228000000	229000000	2378
1	229000000	230000000	2470
1	230000000	231000000	2380
1	231000000	232000000	2553
1	232000000	233000000	2351
1	233000000	234000000	2187
1	234000000	235000000	2147
1	235000000	236000000	2143
1	236000000	237000000	2117
1	237000000	238000000	2105
1	238000000	239000000	2298
1	239000000	240000000	2493
1	240000000	241000000	2446
1	241000000	242000000	2235
1	242000000	243000000	2437
1	243000000	244000000	2258
1	244000000	245000000	2615
1	245000000	246000000	3033
1	246000000	247000000	2284
1	247000000	248000000	2138
1	248000000	249000000	2240
1	249000000	250000000	2385
1	250000000	251000000	2566
1	251000000	252000000	2421
1	252000000	253000000	2306
1	253000000	254000000	2441
1	254000000	255000000	2649
1	255000000	256000000	2300
1	256000000	257000000	2776
1	257000000	258000000	2934
1	258000000	259000000	2880
1	259000000	260000000	2600
1	260000000	261000000	2667
1	261000000	262000000	2545
1	262000000	263000000	2701
1	263000000	264000000	2639
1	264000000	265000000	2811
1	265000000	266000000	2520
1	266000000	267000000	2816
1	267000000	268000000	2495
1	268000000	269000000	2302
1	269000000	270000000	3099
1	270000000	271000000	2612
1	271000000	272000000	2395
1	272000000	273000000	2191
1	273000000	274000000	2201
1	274000000	275000000	2450
1	275000000	276000000	2420
1	276000000	277000000	2615
1	277000000	278000000	2350
1	278000000	279000000	2212
1	279000000	280000000	2265
1	280000000	281000000	2488
1	281000000	282000000	2400
1	282000000	283000000	2345
1	283000000	284000000	2392
1	284000000	285000000	2277
1	285000000	286000000	2258
1	286000000	287000000	2367
1	287000000	288000000	2317
1	288000000	289000000	2631
1	289000000	290000000	2209
1	290000000	291000000	2464
1	291000000	292000000	2443
1	292000000	293000000	2325
1	293000000	294000000	2405
1	294000000	295000000	2436
1	295000000	296000000	2380
1	296000000	297000000	2346
1	297000000	298000000	2579
1	298000000	299000000	2466
1	299000000	300000000	2496
1	300000000	301000000	2383
1	301000000	302000000	2318
1	302000000	303000000	2396
1	303000000	304000000	2363
1	304000000	305000000	2330
1	305000000	306000000	2479
1	306000000	307000000	2424
1	307000000	308000000	2737
1	308000000	309000000	2488
1	309000000	310000000	2690
1	310000000	311000000	2640
1	311000000	312000000	2250
1	312000000	313000000	2615
1	313000000	314000000	2288
1	314000000	315000000	2432
1	315000000	316000000	2630
1	316000000	317000000	2623
1	317000000	318000000	2498
1	318000000	319000000	2471
1	319000000	320000000	2561
1	320000000	321000000	2583
1	321000000	322000000	2443
1	322000000	323000000	2947
1	323000000	324000000	2831
1	324000000	325000000	2744
1	325000000	326000000	2335
1	326000000	327000000	2550
1	327000000	328000000	2348
1	328000000	329000000	2589
1	329000000	330000000	2542
1	330000000	331000000	2507
1	331000000	332000000	2645
1	332000000	333000000	2393
1	333000000	334000000	2508
1	334000000	335000000	2206
1	335000000	336000000	2561
1	336000000	337000000	2947
1	337000000	338000000	2768
1	338000000	339000000	2862
1	339000000	340000000	2804
1	340000000	341000000	2697
1	341000000	342000000	3091
1	342000000	343000000	2597
1	343000000	344000000	2216
1	344000000	345000000	2305
1	345000000	346000000	2490
1	346000000	347000000	2475
1	347000000	348000000	2495
1	348000000	349000000	2477
1	349000000	350000000	2689
1	350000000	351000000	2620
1	351000000	352000000	2790
1	352000000	353000000	2903
1	353000000	354000000	2977
1	354000000	355000000	2843
1	355000000	356000000	2955
1	356000000	357000000	2823
1	357000000	358000000	2626
1	358000000	359000000	2565
1	359000000	360000000	3161
1	360000000	361000000	2830
1	361000000	362000000	3071
1	362000000	363000000	3187
1	363000000	364000000	3263
1	364000000	365000000	2966
1	365000000	366000000	2919
1	366000000	367000000	3190
1	367000000	368000000	3337
1	368000000	369000000	2981
1	369000000	370000000	3497
1	370000000	371000000	3327
1	371000000	372000000	3474
1	372000000	373000000	3505
1	373000000	374000000	3433
1	374000000	375000000	3677
1	375000000	376000000	3883
1	376000000	377000000	3794
1	377000000	378000000	3827
1	378000000	379000000	3720
1	379000000	380000000	3952
1	380000000	381000000	3588
1	381000000	382000000	3760
1	382000000	383000000	3555
1	383000000	384000000	3266
1	384000000	384666196	2154
2	0	1000000	3564
2	1000000	2000000	3359
2	2000000	3000000	3389
2	3000000	4000000	3335
2	4000000	5000000	3553
2	5000000	6000000	3829
2	6000000	7000000	3829
2	7000000	8000000	3471
2	8000000	9000000	3299
2	9000000	10000000	3463
2	10000000	11000000	3430
2	11000000	12000000	3749
2	12000000	13000000	3360
2	13000000	14000000	3417
2	14000000	15000000	3009
2	15000000	16000000	3174
2	16000000	17000000	3537
2	17000000	18000000	3311
2	18000000	19000000	4024
2	19000000	20000000	3967
2	20000000	21000000	3748
2	21000000	22000000	3985
2	22000000	23000000	3867
2	23000000	24000000	3453
2	24000000	25000000	3593
2	25000000	26000000	4031
2	26000000	27000000	3743
2	27000000	28000000	3713
2	28000000	29000000	3842
2	29000000	30000000	3786
2	30000000	31000000	3158
2	31000000	32000000	3339
2	32000000	33000000	3409
2	33000000	34000000	3301
2	34000000	35000000	3504
2	35000000	36000000	3704
2	36000000	37000000	3386
2	37000000	38000000	3338
2	38000000	39000000	3361
2	39000000	40000000	2936
2	40000000	41000000	2716
2	41000000	42000000	2650
2	42000000	43000000	2354
2	43000000	44000000	2800
2	44000000	45000000	2690
2	45000000	46000000	2532
2	46000000	47000000	2654
2	47000000	48000000	2855
2	48000000	49000000	2589
2	49000000	50000000	2710
2	50000000	51000000	2161
2	51000000	52000000	2811
2	52000000	53000000	2488
2	53000000	54000000	2386
2	54000000	55000000	2279
2	55000000	56000000	2346
2	56000000	57000000	2293
2	57000000	58000000	2372
2	58000000	59000000	2486
2	59000000	60000000	2410
2	60000000	61000000	2333
2	61000000	62000000	2603
2	62000000	63000000	2522
2	63000000	64000000	2615
2	64000000	65000000	2403
2	65000000	66000000	2793
2	66000000	67000000	2619
2	67000000	68000000	2322
2	68000000	69000000	2430
2	69000000	70000000	2617
2	70000000	71000000	2415
2	71000000	72000000	2527
2	72000000	73000000	2227
2	73000000	74000000	2420
2	74000000	75000000	2443
2	75000000	76000000	2419
2	76000000	77000000	2526
2	77000000	78000000	2220
2	78000000	79000000	2380
2	79000000	80000000	2469
2	80000000	81000000	2306
2	81000000	82000000	2534
2	82000000	83000000	2714
2	83000000	84000000	2558
2	84000000	85000000	2540
2	85000000	86000000	2536
2	86000000	87000000	2125
2	87000000	88000000	2412
2	88000000	89000000	2321
2	89000000	90000000	2319
2	90000000	91000000	2585
2	91000000	92000000	2306
2	92000000	93000000	2667
2	93000000	94000000	2499
2	94000000	95000000	2664
2	95000000	96000000	2261
2	96000000	97000000	2493
2	97000000	98000000	2296
2	98000000	99000000	2372
2	99000000	100000000	2713
2	100000000	101000000	2593
2	101000000	102000000	2555
2	102000000	103000000	2431
2	103000000	104000000	2520
2	104000000	105000000	2359
2	105000000	106000000	2269
2	106000000	107000000	2294
2	107000000	108000000	2176
2	108000000	109000000	2436
2	109000000	110000000	2551
2	110000000	111000000	2294
2	111000000	112000000	2279
2	112000000	113000000	2374
2	113000000	114000000	2610
2	114000000	115000000	2438
2	115000000	116000000	2407
2	116000000	117000000	2188
2	117000000	118000000	2413
2	118000000	119000000	2592
2	119000000	120000000	2427
2	120000000	121000000	2349
2	121000000	122000000	2423
2	122000000	123000000	2403
2	123000000	124000000	2208
2	124000000	125000000	1935
2	125000000	126000000	2027
2	126000000	127000000	2189
2	127000000	128000000	2289
2	128000000	129000000	2206
2	129000000	130000000	2321
2	130000000	131000000	2245
2	131000000	132000000	2519
2	132000000	133000000	2482
2	133000000	134000000	2405
2	134000000	135000000	2181
2	135000000	136000000	2289
2	136000000	137000000	2565
2	137000000	138000000	2647
2	138000000	139000000	2478
2	139000000	140000000	2341
2	140000000	141000000	2540
2	141000000	142000000	2387
2	142000000	143000000	2583
2	143000000	144000000	2185
2	144000000	145000000	2391
2	145000000	146000000	2255
2	146000000	147000000	2343
2	147000000	148000000	2499
2	148000000	149000000	2113
2	149000000	150000000	2342
2	150000000	151000000	2515
2	151000000	152000000	2519
2	152000000	153000000	2299
2	153000000	154000000	2116
2	154000000	155000000	2635
2	155000000	156000000	2398
2	156000000	157000000	2387
2	157000000	158000000	2417
2	158000000	159000000	2347
2	159000000	160000000	2508
2	160000000	161000000	2813
2	161000000	162000000	2746
2	162000000	163000000	2799
2	163000000	164000000	2928
2	164000000	165000000	2495
2	165000000	166000000	2358
2	166000000	167000000	2418
2	167000000	168000000	2681
2	168000000	169000000	3050
2	169000000	170000000	2554
2	170000000	171000000	2616
2	171000000	172000000	2657
2	172000000	173000000	2960
2	173000000	174000000	2843
2	174000000	175000000	2947
2	175000000	176000000	3054
2	176000000	177000000	3001
2	177000000	178000000	3224
2	178000000	179000000	2996
2	179000000	180000000	3010
2	180000000	181000000	3090
2	181000000	182000000	3348
2	182000000	183000000	3183
2	183000000	184000000	3109
2	184000000	185000000	3146
2	185000000	186000000	2864
2	186000000	187000000	3028
2	187000000	188000000	3320
2	188000000	189000000	2981
2	189000000	190000000	3142
2	190000000	191000000	2568
2	191000000	192000000	2739
2	192000000	193000000	2985
2	193000000	194000000	3209
2	194000000	195000000	3349
2	195000000	196000000	3083
2	196000000	197000000	3099
2	197000000	198000000	2838
2	198000000	199000000	3154
2	199000000	200000000	2900
2	200000000	201000000	3184
2	201000000	202000000	2668
2	202000000	203000000	2683
2	203000000	204000000	2502
2	204000000	205000000	4940
2	205000000	206000000	3973
2	206000000	207000000	2422
2	207000000	208000000	2724
2	208000000	209000000	3422
2	209000000	210000000	3673
2	210000000	211000000	3029
2	211000000	212000000	2861
2	212000000	213000000	2703
2	213000000	214000000	3021
2	214000000	215000000	3071
2	215000000	216000000	2905
2	216000000	217000000	3298
2	217000000	218000000	2676
2	218000000	219000000	2853
2	219000000	220000000	2607
2	220000000	221000000	2888
2	221000000	222000000	2914
2	222000000	223000000	3325
2	223000000	224000000	3018
2	224000000	225000000	3326
2	225000000	226000000	3165
2	226000000	227000000	3231
2	227000000	228000000	3061
2	228000000	229000000	2982
2	229000000	230000000	2971
2	230000000	231000000	2886
2	231000000	232000000	3324
2	232000000	233000000	3386
2	233000000	234000000	3136
2	234000000	235000000	2936
2	235000000	236000000	2701
2	236000000	237000000	2531
2	237000000	238000000	2818
2	238000000	239000000	2518
2	239000000	240000000	2600
2	240000000	241000000	2492
2	241000000	242000000	2774
2	242000000	243000000	2871
2	243000000	244000000	3097
2	244000000	245000000	2933
2	245000000	246000000	2553
2	246000000	247000000	2611
2	247000000	248000000	3038
2	248000000	249000000	2643
2	249000000	250000000	2466
2	250000000	251000000	2257
2	251000000	252000000	2609
2	252000000	253000000	2308
2	253000000	254000000	2317
2	254000000	255000000	2247
2	255000000	256000000	2139
2	256000000	257000000	2326
2	257000000	258000000	3023
2	258000000	259000000	2684
2	259000000	260000000	2953
2	260000000	261000000	2825
2	261000000	262000000	2469
2	262000000	263000000	2553
2	263000000	264000000	2479
2	264000000	265000000	2550
2	265000000	266000000	2295
2	266000000	267000000	2453
2	267000000	268000000	2636
2	268000000	269000000	2646
2	269000000	270000000	2630
2	270000000	271000000	2771
2	271000000	272000000	2327
2	272000000	273000000	2271
2	273000000	274000000	2550
2	274000000	275000000	2707
2	275000000	276000000	2601
2	276000000	277000000	2434
2	277000000	278000000	2472
2	278000000	279000000	2342
2	279000000	280000000	2167
2	280000000	281000000	2555
2	281000000	282000000	2336
2	282000000	283000000	2202
2	283000000	284000000	2233
2	284000000	285000000	2716
2	285000000	286000000	2580
2	286000000	287000000	2686
2	287000000	288000000	2551
2	288000000	289000000	2063
2	289000000	290000000	2228
2	290000000	291000000	2187
2	291000000	292000000	2317
2	292000000	293000000	2380
2	293000000	294000000	2479
2	294000000	295000000	2462
2	295000000	296000000	2362
2	296000000	297000000	2353
2	297000000	298000000	2199
2	298000000	299000000	2258
2	299000000	300000000	2416
2	300000000	301000000	2439
2	301000000	302000000	2279
2	302000000	303000000	2245
2	303000000	304000000	2457
2	304000000	305000000	2823
2	305000000	306000000	2929
2	306000000	307000000	2621
2	307000000	308000000	2841
2	308000000	309000000	2648
2	309000000	310000000	2806
2	310000000	311000000	2315
2	311000000	312000000	2461
2	312000000	313000000	2675
2	313000000	314000000	2487
2	314000000	315000000	2495
2	315000000	316000000	2737
2	316000000	317000000	2685
2	317000000	318000000	2642
2	318000000	319000000	2671
2	319000000	320000000	2618
2	320000000	321000000	2882
2	321000000	322000000	2858
2	322000000	323000000	2864
2	323000000	324000000	2631
2	324000000	325000000	2848
2	325000000	326000000	2928
2	326000000	327000000	2630
2	327000000	328000000	2730
2	328000000	329000000	3045
2	329000000	330000000	2313
2	330000000	331000000	2561
2	331000000	332000000	2544
2	332000000	333000000	2987
2	333000000	334000000	2976
2	334000000	335000000	3450
2	335000000	336000000	3514
2	336000000	337000000	3382
2	337000000	338000000	2864
2	338000000	339000000	2782
2	339000000	340000000	2837
2	340000000	341000000	2883
2	341000000	342000000	3007
2	342000000	343000000	3108
2	343000000	344000000	3157
2	344000000	345000000	3613
2	345000000	346000000	3538
2	346000000	347000000	3594
2	347000000	348000000	3716
2	348000000	349000000	4001
2	349000000	349409267	1414
3	0	1000000	3362
3	1000000	2000000	3318
3	2000000	3000000	3812
3	3000000	4000000	4121
3	4000000	5000000	3645
3	5000000	6000000	3805
3	6000000	7000000	3432
3	7000000	8000000	3726
3	8000000	9000000	3479
3	9000000	10000000	3327
3	10000000	11000000	2796
3	11000000	12000000	3373
3	12000000	13000000	3527
3	13000000	14000000	3246
3	14000000	15000000	2966
3	15000000	16000000	2798
3	16000000	17000000	2890
3	17000000	18000000	2572
3	18000000	19000000	2422
3	19000000	20000000	2503
3	20000000	21000000	2744
3	21000000	22000000	2493
3	22000000	23000000	2786
3	23000000	24000000	2365
3	24000000	25000000	2348
3	25000000	26000000	2388
3	26000000	27000000	2270
3	27000000	28000000	2516
3	28000000	29000000	2712
3	29000000	30000000	2342
3	30000000	31000000	2770
3	31000000	32000000	2597
3	32000000	33000000	2615
3	33000000	34000000	2413
3	34000000	35000000	2561
3	35000000	36000000	2438
3	36000000	37000000	2616
3	37000000	38000000	2364
3	38000000	39000000	2462
3	39000000	40000000	2424
3	40000000	41000000	2514
3	41000000	42000000	2357
3	42000000	43000000	2418
3	43000000	44000000	2689
3	44000000	45000000	2151
3	45000000	46000000	2307
3	46000000	47000000	2146
3	47000000	48000000	2571
3	48000000	49000000	2593
3	49000000	50000000	2193
3	50000000	51000000	2523
3	51000000	52000000	2560
3	52000000	53000000	2329
3	53000000	54000000	2569
3	54000000	55000000	2718
3	55000000	56000000	2499
3	56000000	57000000	2776
3	57000000	58000000	2346
3	58000000	59000000	2719
3	59000000	60000000	2697
3	60000000	61000000	2756
3	61000000	62000000	2567
3	62000000	63000000	3008
3	63000000	64000000	2680
3	64000000	65000000	2421
3	65000000	66000000	2712
3	66000000	67000000	2305
3	67000000	68000000	2301
3	68000000	69000000	2420
3	69000000	70000000	2972
3	70000000	71000000	2454
3	71000000	72000000	2176
3	72000000	73000000	2691
3	73000000	74000000	2520
3	74000000	75000000	2240
3	75000000	76000000	3090
3	76000000	77000000	2597
3	77000000	78000000	3082
3	78000000	79000000	2537
3	79000000	80000000	2547
3	80000000	81000000	2791
3	81000000	82000000	3186
3	82000000	83000000	2931
3	83000000	84000000	2564
3	84000000	85000000	2761
3	85000000	86000000	2551
3	86000000	87000000	2681
3	87000000	88000000	2417
3	88000000	89000000	2424
3	89000000	90000000	2354
3	90000000	91000000	3036
3	91000000	92000000	3242
3	92000000	93000000	2852
3	93000000	94000000	2884
3	94000000	95000000	3002
3	95000000	96000000	2997
3	96000000	97000000	3491
3	97000000	98000000	3105
3	98000000	99000000	3066
3	99000000	100000000	3294
3	100000000	101000000	3078
3	101000000	102000000	2629
3	102000000	103000000	2406
3	103000000	104000000	2558
3	104000000	105000000	2490
3	105000000	106000000	2941
3	106000000	107000000	3255
3	107000000	108000000	3355
3	108000000	109000000	2967
3	109000000	110000000	2691
3	110000000	111000000	2555
3	111000000	112000000	3156
3	112000000	113000000	2839
3	113000000	114000000	2410
3	114000000	115000000	2224
3	115000000	116000000	2022
3	116000000	117000000	2039
3	117000000	118000000	4287
3	118000000	119000000	3754
3	119000000	120000000	2488
3	120000000	121000000	2470
3	121000000	122000000	2458
3	122000000	123000000	2461
3	123000000	124000000	2340
3	124000000	125000000	2281
3	125000000	126000000	2283
3	126000000	127000000	2576
3	127000000	128000000	2379
3	128000000	129000000	2225
3	129000000	130000000	2407
3	130000000	131000000	2213
3	131000000	132000000	2585
3	132000000	133000000	2549
3	133000000	134000000	2505
3	134000000	135000000	2308
3	135000000	136000000	2345
3	136000000	137000000	1879
3	137000000	138000000	2121
3	138000000	139000000	2423
3	139000000	140000000	2495
3	140000000	141000000	2500
3	141000000	142000000	2760
3	142000000	143000000	2907
3	143000000	144000000	2787
3	144000000	145000000	2637
3	145000000	146000000	2649
3	146000000	147000000	2464
3	147000000	148000000	2421
3	148000000	149000000	2640
3	149000000	150000000	2249
3	150000000	151000000	2198
3	151000000	152000000	2243
3	152000000	153000000	2249
3	153000000	154000000	2037
3	154000000	155000000	2079
3	155000000	156000000	2177
3	156000000	157000000	2164
3	157000000	158000000	2099
3	158000000	159000000	2287
3	159000000	160000000	2244
3	160000000	161000000	2299
3	161000000	162000000	2281
3	162000000	163000000	2341
3	163000000	164000000	2528
3	164000000	165000000	2525
3	165000000	166000000	2737
3	166000000	167000000	2483
3	167000000	168000000	2359
3	168000000	169000000	2254
3	169000000	170000000	2066
3	170000000	171000000	2175
3	171000000	172000000	2305
3	172000000	173000000	2215
3	173000000	174000000	2318
3	174000000	175000000	2150
3	175000000	176000000	2239
3	176000000	177000000	2488
3	177000000	178000000	2680
3	178000000	179000000	2365
3	179000000	180000000	2454
3	180000000	181000000	2291
3	181000000	182000000	2335
3	182000000	183000000	2156
3	183000000	184000000	2346
3	184000000	185000000	2343
3	185000000	186000000	2626
3	186000000	187000000	2696
3	187000000	188000000	2307
3	188000000	189000000	2510
3	189000000	190000000	2593
3	190000000	191000000	2301
3	191000000	192000000	2796
3	192000000	193000000	2694
3	193000000	194000000	2469
3	194000000	195000000	2289
3	195000000	196000000	2411
3	196000000	197000000	2419
3	197000000	198000000	2395
3	198000000	199000000	2457
3	199000000	200000000	2278
3	200000000	201000000	2275
3	201000000	202000000	2316
3	202000000	203000000	2359
3	203000000	204000000	2250
3	204000000	205000000	2519
3	205000000	206000000	2531
3	206000000	207000000	2526
3	207000000	208000000	2477
3	208000000	209000000	2519
3	209000000	210000000	2542
3	210000000	211000000	2229
3	211000000	212000000	2339
3	212000000	213000000	2349
3	213000000	214000000	2163
3	214000000	215000000	2298
3	215000000	216000000	2237
3	216000000	217000000	2390
3	217000000	218000000	2501
3	218000000	219000000	3116
3	219000000	220000000	2531
3	220000000	221000000	2615
3	221000000	222000000	2590
3	222000000	223000000	2784
3	223000000	224000000	2713
3	224000000	225000000	2543
3	225000000	226000000	2393
3	226000000	227000000	2424
3	227000000	228000000	2534
3	228000000	229000000	2907
3	229000000	230000000	2611
3	230000000	231000000	2389
3	231000000	232000000	2463
3	232000000	233000000	2425
3	233000000	234000000	2379
3	234000000	235000000	2204
3	235000000	236000000	2385
3	236000000	237000000	2376
3	237000000	238000000	2339
3	238000000	239000000	2296
3	239000000	240000000	2027
3	240000000	241000000	2013
3	241000000	242000000	2217
3	242000000	243000000	2214
3	243000000	244000000	2304
3	244000000	245000000	2192
3	245000000	246000000	2496
3	246000000	247000000	2789
3	247000000	248000000	2647
3	248000000	249000000	2490
3	249000000	250000000	2292
3	250000000	251000000	2342
3	251000000	252000000	2304
3	252000000	253000000	2473
3	253000000	254000000	2797
3	254000000	255000000	2554
3	255000000	256000000	2454
3	256000000	257000000	2408
3	257000000	258000000	2416
3	258000000	259000000	2509
3	259000000	260000000	2923
3	260000000	261000000	2786
3	261000000	262000000	2398
3	262000000	263000000	2274
3	263000000	264000000	2312
3	264000000	265000000	2392
3	265000000	266000000	2496
3	266000000	267000000	2797
3	267000000	268000000	2194
3	268000000	269000000	2577
3	269000000	270000000	2791
3	270000000	271000000	2919
3	271000000	272000000	3218
3	272000000	273000000	2798
3	273000000	274000000	2839
3	274000000	275000000	2948
3	275000000	276000000	2908
3	276000000	277000000	3052
3	277000000	278000000	3035
3	278000000	279000000	2871
3	279000000	280000000	2690
3	280000000	281000000	2693
3	281000000	282000000	2786
3	282000000	283000000	2649
3	283000000	284000000	2661
3	284000000	285000000	3115
3	285000000	286000000	3288
3	286000000	287000000	3173
3	287000000	288000000	2887
3	288000000	289000000	2949
3	289000000	290000000	3259
3	290000000	291000000	3198
3	291000000	292000000	3463
3	292000000	293000000	3307
3	293000000	294000000	3295
3	294000000	295000000	3255
3	295000000	296000000	3463
3	296000000	297000000	3570
3	297000000	298000000	3936
3	298000000	299000000	3522
3	299000000	300000000	3588
3	300000000	301000000	3965
3	301000000	302000000	3707
3	302000000	303000000	4260
3	303000000	304000000	4211
3	304000000	305000000	4232
3	305000000	306000000	4023
3	306000000	306174733	713
4	0	1000000	4000
4	1000000	2000000	3642
4	2000000	3000000	3644
4	3000000	4000000	3525
4	4000000	5000000	3305
4	5000000	6000000	3180
4	6000000	7000000	3431
4	7000000	8000000	2506
4	8000000	9000000	2633
4	9000000	10000000	2684
4	10000000	11000000	2906
4	11000000	12000000	3089
4	12000000	13000000	2933
4	13000000	14000000	3066
4	14000000	15000000	3492
4	15000000	16000000	3120
4	16000000	17000000	3004
4	17000000	18000000	3125
4	18000000	19000000	2773
4	19000000	20000000	2712
4	20000000	21000000	2799
4	21000000	22000000	2239
4	22000000	23000000	2256
4	23000000	24000000	2402
4	24000000	25000000	2762
4	25000000	26000000	2445
4	26000000	27000000	2199
4	27000000	28000000	2491
4	28000000	29000000	2895
4	29000000	30000000	2514
4	30000000	31000000	2838
4	31000000	32000000	2861
4	32000000	33000000	2837
4	33000000	34000000	2445
4	34000000	35000000	2674
4	35000000	36000000	2321
4	36000000	37000000	2497
4	37000000	38000000	2288
4	38000000	39000000	2752
4	39000000	40000000	2449
4	40000000	41000000	2167
4	41000000	42000000	2527
4	42000000	43000000	2331
4	43000000	44000000	2371
4	44000000	45000000	2512
4	45000000	46000000	2482
4	46000000	47000000	2551
4	47000000	48000000	2350
4	48000000	49000000	2459
4	49000000	50000000	2461
4	50000000	51000000	2644
4	51000000	52000000	2315
4	52000000	53000000	2053
4	53000000	54000000	2462
4	54000000	55000000	2339
4	55000000	56000000	2317
4	56000000	57000000	2447
4	57000000	58000000	2429
4	58000000	59000000	2335
4	59000000	60000000	2343
4	60000000	61000000	2279
4	61000000	62000000	2881
4	62000000	63000000	2548
4	63000000	64000000	2211
4	64000000	65000000	2464
4	65000000	66000000	2349
4	66000000	67000000	2216
4	67000000	68000000	2472
4	68000000	69000000	2337
4	69000000	70000000	2347
4	70000000	71000000	2228
4	71000000	72000000	2423
4	72000000	73000000	2307
4	73000000	74000000	2194
4	74000000	75000000	2111
4	75000000	76000000	2531
4	76000000	77000000	2294
4	77000000	78000000	2507
4	78000000	79000000	2342
4	79000000	80000000	2759
4	80000000	81000000	2716
4	81000000	82000000	2502
4	82000000	83000000	2406
4	83000000	84000000	2559
4	84000000	85000000	2647
4	85000000	86000000	2632
4	86000000	87000000	3105
4	87000000	88000000	3114
4	88000000	89000000	2830
4	89000000	90000000	2762
4	90000000	91000000	2953
4	91000000	92000000	2757
4	92000000	93000000	3206
4	93000000	94000000	3015
4	94000000	95000000	2857
4	95000000	96000000	2860
4	96000000	97000000	2741
4	97000000	98000000	2471
4	98000000	99000000	2469
4	99000000	100000000	2209
4	100000000	101000000	2243
4	101000000	102000000	2237
4	102000000	103000000	2223
4	103000000	104000000	2149
4	104000000	105000000	2317
4	105000000	106000000	2239
4	106000000	107000000	2181
4	107000000	108000000	2189
4	108000000	109000000	2544
4	109000000	110000000	2787
4	110000000	111000000	2271
4	111000000	112000000	2276
4	112000000	113000000	2559
4	113000000	114000000	2586
4	114000000	115000000	2729
4	115000000	116000000	2690
4	116000000	117000000	2554
4	117000000	118000000	2798
4	118000000	119000000	2801
4	119000000	120000000	2883
4	120000000	121000000	2553
4	121000000	122000000	2140
4	122000000	123000000	2431
4	123000000	124000000	2527
4	124000000	125000000	2377
4	125000000	126000000	2259
4	126000000	127000000	2175
4	127000000	128000000	2210
4	128000000	129000000	2055
4	129000000	130000000	2203
4	130000000	131000000	3424
4	131000000	132000000	3439
4	132000000	133000000	2359
4	133000000	134000000	2316
4	134000000	135000000	2583
4	135000000	136000000	2658
4	136000000	137000000	2508
4	137000000	138000000	2717
4	138000000	139000000	2982
4	139000000	140000000	2414
4	140000000	141000000	2395
4	141000000	142000000	2724
4	142000000	143000000	2805
4	143000000	144000000	2956
4	144000000	145000000	2935
4	145000000	146000000	3278
4	146000000	147000000	2892
4	147000000	148000000	2712
4	148000000	149000000	2035
4	149000000	150000000	2308
4	150000000	151000000	2930
4	151000000	152000000	2774
4	152000000	153000000	2537
4	153000000	154000000	2931
4	154000000	155000000	2766
4	155000000	156000000	2321
4	156000000	157000000	2416
4	157000000	158000000	2359
4	158000000	159000000	2349
4	159000000	160000000	2753
4	160000000	161000000	2958
4	161000000	162000000	2810
4	162000000	163000000	2686
4	163000000	164000000	2387
4	164000000	165000000	2740
4	165000000	166000000	3025
4	166000000	167000000	2645
4	167000000	168000000	2912
4	168000000	169000000	2402
4	169000000	170000000	2534
4	170000000	171000000	2796
4	171000000	172000000	2804
4	172000000	173000000	2465
4	173000000	174000000	2116
4	174000000	175000000	2119
4	175000000	176000000	2292
4	176000000	177000000	2696
4	177000000	178000000	2364
4	178000000	179000000	2456
4	179000000	180000000	2361
4	180000000	181000000	2285
4	181000000	182000000	2444
4	182000000	183000000	2629
4	183000000	184000000	2657
4	184000000	185000000	2695
4	185000000	186000000	2215
4	186000000	187000000	2321
4	187000000	188000000	2336
4	188000000	189000000	2239
4	189000000	190000000	2590
4	190000000	191000000	2661
4	191000000	192000000	2515
4	192000000	193000000	2554
4	193000000	194000000	2224
4	194000000	195000000	2312
4	195000000	196000000	2867
4	196000000	197000000	2827
4	197000000	198000000	2420
4	198000000	199000000	2223
4	199000000	200000000	2179
4	200000000	201000000	1922
4	201000000	202000000	2563
4	202000000	203000000	2642
4	203000000	204000000	2553
4	204000000	205000000	2493
4	205000000	206000000	2643
4	206000000	207000000	2475
4	207000000	208000000	2285
4	208000000	209000000	2251
4	209000000	210000000	2322
4	210000000	211000000	2538
4	211000000	212000000	2231
4	212000000	213000000	2372
4	213000000	214000000	2264
4	214000000	215000000	2481
4	215000000	216000000	2366
4	216000000	217000000	2372
4	217000000	218000000	2136
4	218000000	219000000	2295
4	219000000	220000000	2345
4	220000000	221000000	2342
4	221000000	222000000	2424
4	222000000	223000000	2319
4	223000000	224000000	2213
4	224000000	225000000	2349
4	225000000	226000000	2404
4	226000000	227000000	2528
4	227000000	228000000	2450
4	228000000	229000000	2219
4	229000000	230000000	2233
4	230000000	231000000	2469
4	231000000	232000000	2540
4	232000000	233000000	2663
4	233000000	234000000	2483
4	234000000	235000000	2231
4	235000000	236000000	2338
4	236000000	237000000	2248
4	237000000	238000000	2475
4	238000000	239000000	2408
4	239000000	240000000	2636
4	240000000	241000000	2698
4	241000000	242000000	2326
4	242000000	243000000	2345
4	243000000	244000000	2693
4	244000000	245000000	2894
4	245000000	246000000	2729
4	246000000	247000000	2628
4	247000000	248000000	2764
4	248000000	249000000	2553
4	249000000	250000000	2902
4	250000000	251000000	2924
4	251000000	252000000	2745
4	252000000	253000000	2753
4	253000000	254000000	2873
4	254000000	255000000	2633
4	255000000	256000000	2744
4	256000000	257000000	3141
4	257000000	258000000	3062
4	258000000	259000000	3111
4	259000000	260000000	3241
4	260000000	261000000	3251
4	261000000	262000000	3723
4	262000000	263000000	3416
4	263000000	264000000	3703
4	264000000	265000000	3834
4	265000000	266000000	3861
4	266000000	267000000	4068
4	267000000	268000000	4200
4	268000000	269000000	3334
4	269000000	270000000	3616
4	270000000	271000000	3656
4	271000000	271247359	899
5	0	1000000	3918
5	1000000	2000000	3661
5	2000000	3000000	3682
5	3000000	4000000	3809
5	4000000	5000000	3968
5	5000000	6000000	3467
5	6000000	7000000	3833
5	7000000	8000000	3316
5	8000000	9000000	2938
5	9000000	10000000	2672
5	10000000	11000000	3013
5	11000000	12000000	3148
5	12000000	13000000	3237
5	13000000	14000000	3281
5	14000000	15000000	2957
5	15000000	16000000	2926
5	16000000	17000000	3026
5	17000000	18000000	2893
5	18000000	19000000	2480
5	19000000	20000000	2876
5	20000000	21000000	2452
5	21000000	22000000	2222
5	22000000	23000000	2473
5	23000000	24000000	2073
5	24000000	25000000	2211
5	25000000	26000000	2564
5	26000000	27000000	2631
5	27000000	28000000	2770
5	28000000	29000000	4086
5	29000000	30000000	4389
5	30000000	31000000	2769
5	31000000	32000000	2333
5	32000000	33000000	2553
5	33000000	34000000	2918
5	34000000	35000000	2276
5	35000000	36000000	2182
5	36000000	37000000	2292
5	37000000	38000000	2393
5	38000000	39000000	2498
5	39000000	40000000	2858
5	40000000	41000000	2412
5	41000000	42000000	2111
5	42000000	43000000	2443
5	43000000	44000000	2180
5	44000000	45000000	2133
5	45000000	46000000	2234
5	46000000	47000000	2237
5	47000000	48000000	2278
5	48000000	49000000	2758
5	49000000	50000000	2925
5	50000000	51000000	2535
5	51000000	52000000	2828
5	52000000	53000000	2518
5	53000000	54000000	2374
5	54000000	55000000	2325
5	55000000	56000000	2486
5	56000000	57000000	2880
5	57000000	58000000	2887
5	58000000	59000000	2603
5	59000000	60000000	2324
5	60000000	61000000	2297
5	61000000	62000000	2403
5	62000000	63000000	2743
5	63000000	64000000	2357
5	64000000	65000000	2675
5	65000000	66000000	2471
5	66000000	67000000	2577
5	67000000	68000000	2907
5	68000000	69000000	2511
5	69000000	70000000	2283
5	70000000	71000000	2322
5	71000000	72000000	1971
5	72000000	73000000	2284
5	73000000	74000000	3093
5	74000000	75000000	2933
5	75000000	76000000	2749
5	76000000	77000000	2347
5	77000000	78000000	2361
5	78000000	79000000	2669
5	79000000	80000000	2306
5	80000000	81000000	2701
5	81000000	82000000	2855
5	82000000	83000000	2950
5	83000000	84000000	3031
5	84000000	85000000	2821
5	85000000	86000000	2450
5	86000000	87000000	2424
5	87000000	88000000	2814
5	88000000	89000000	2904
5	89000000	90000000	2597
5	90000000	91000000	2743
5	91000000	92000000	2932
5	92000000	93000000	2601
5	93000000	94000000	2259
5	94000000	95000000	2405
5	95000000	96000000	2408
5	96000000	97000000	2355
5	97000000	98000000	2178
5	98000000	99000000	2228
5	99000000	100000000	2570
5	100000000	101000000	4388
5	101000000	102000000	2247
5	102000000	103000000	2316
5	103000000	104000000	2502
5	104000000	105000000	2488
5	105000000	106000000	2576
5	106000000	107000000	2552
5	107000000	108000000	2442
5	108000000	109000000	2634
5	109000000	110000000	2518
5	110000000	111000000	2810
5	111000000	112000000	2462
5	112000000	113000000	2740
5	113000000	114000000	2780
5	114000000	115000000	2758
5	115000000	116000000	2805
5	116000000	117000000	2768
5	117000000	118000000	2754
5	118000000	119000000	2568
5	119000000	120000000	3027
5	120000000	121000000	3011
5	121000000	122000000	3007
5	122000000	123000000	2673
5	123000000	124000000	2848
5	124000000	125000000	2549
5	125000000	126000000	2326
5	126000000	127000000	2315
5	127000000	128000000	2572
5	128000000	129000000	2639
5	129000000	130000000	2291
5	130000000	131000000	2269
5	131000000	132000000	2344
5	132000000	133000000	2350
5	133000000	134000000	2311
5	134000000	135000000	2565
5	135000000	136000000	2695
5	136000000	137000000	2599
5	137000000	138000000	2237
5	138000000	139000000	2330
5	139000000	140000000	2276
5	140000000	141000000	2498
5	141000000	142000000	2524
5	142000000	143000000	2716
5	143000000	144000000	2377
5	144000000	145000000	2306
5	145000000	146000000	2411
5	146000000	147000000	2443
5	147000000	148000000	2681
5	148000000	149000000	2354
5	149000000	150000000	2364
5	150000000	151000000	2675
5	151000000	152000000	2272
5	152000000	153000000	2447
5	153000000	154000000	2189
5	154000000	155000000	2254
5	155000000	156000000	2129
5	156000000	157000000	2612
5	157000000	158000000	2675
5	158000000	159000000	2511
5	159000000	160000000	2271
5	160000000	161000000	2403
5	161000000	162000000	2398
5	162000000	163000000	2654
5	163000000	164000000	2634
5	164000000	165000000	2705
5	165000000	166000000	2382
5	166000000	167000000	2333
5	167000000	168000000	2518
5	168000000	169000000	2357
5	169000000	170000000	2147
5	170000000	171000000	2270
5	171000000	172000000	2242
5	172000000	173000000	2301
5	173000000	174000000	2355
5	174000000	175000000	2287
5	175000000	176000000	2434
5	176000000	177000000	2495
5	177000000	178000000	2686
5	178000000	179000000	2228
5	179000000	180000000	2200
5	180000000	181000000	2766
5	181000000	182000000	2612
5	182000000	183000000	2346
5	183000000	184000000	2491
5	184000000	185000000	2526
5	185000000	186000000	2329
5	186000000	187000000	3126
5	187000000	188000000	2882
5	188000000	189000000	2787
5	189000000	190000000	2790
5	190000000	191000000	2512
5	191000000	192000000	2270
5	192000000	193000000	2140
5	193000000	194000000	2792
5	194000000	195000000	2773
5	195000000	196000000	2695
5	196000000	197000000	2952
5	197000000	198000000	2660
5	198000000	199000000	2629
5	199000000	200000000	2602
5	200000000	201000000	2318
5	201000000	202000000	2609
5	202000000	203000000	2681
5	203000000	204000000	2104
5	204000000	205000000	2148
5	205000000	206000000	2785
5	206000000	207000000	2765
5	207000000	208000000	2783
5	208000000	209000000	2644
5	209000000	210000000	2914
5	210000000	211000000	2713
5	211000000	212000000	3104
5	212000000	213000000	2880
5	213000000	214000000	3116
5	214000000	215000000	3232
5	215000000	216000000	3350
5	216000000	217000000	3469
5	217000000	218000000	2847
5	218000000	219000000	3541
5	219000000	220000000	3823
5	220000000	221000000	4466
5	221000000	222000000	3647
5	222000000	223000000	3663
5	223000000	224000000	4086
5	224000000	224655500	2333
6	0	1000000	4161
6	1000000	2000000	4427
6	2000000	3000000	4086
6	3000000	4000000	3978
6	4000000	5000000	4163
6	5000000	6000000	3673
6	6000000	7000000	3472
6	7000000	8000000	3234
6	8000000	9000000	2985
6	9000000	10000000	2833
6	10000000	11000000	2377
6	11000000	12000000	2242
6	12000000	13000000	2551
6	13000000	14000000	3329
6	14000000	15000000	3216
6	15000000	16000000	2853
6	16000000	17000000	2431
6	17000000	18000000	3140
6	18000000	19000000	3031
6	19000000	20000000	2955
6	20000000	21000000	3093
6	21000000	22000000	2788
6	22000000	23000000	3178
6	23000000	24000000	3390
6	24000000	25000000	3463
6	25000000	26000000	2882
6	26000000	27000000	3960
6	27000000	28000000	3689
6	28000000	29000000	4590
6	29000000	30000000	4056
6	30000000	31000000	4087
6	31000000	32000000	3881
6	32000000	33000000	3230
6	33000000	34000000	2730
6	34000000	35000000	2088
6	35000000	36000000	2143
6	36000000	37000000	4292
6	37000000	38000000	4648
6	38000000	39000000	2263
6	39000000	40000000	2309
6	40000000	41000000	2552
6	41000000	42000000	3207
6	42000000	43000000	2983
6	43000000	44000000	2767
6	44000000	45000000	2401
6	45000000	46000000	3070
6	46000000	47000000	3522
6	47000000	48000000	3329
6	48000000	49000000	3024
6	49000000	50000000	2923
6	50000000	51000000	2638
6	51000000	52000000	2645
6	52000000	53000000	2628
6	53000000	54000000	2781
6	54000000	55000000	2935
6	55000000	56000000	3615
6	56000000	57000000	3042
6	57000000	58000000	2933
6	58000000	59000000	3067
6	59000000	60000000	2739
6	60000000	61000000	3089
6	61000000	62000000	2756
6	62000000	63000000	2810
6	63000000	64000000	3255
6	64000000	65000000	2992
6	65000000	66000000	3320
6	66000000	67000000	3659
6	67000000	68000000	3084
6	68000000	69000000	3365
6	69000000	70000000	3872
6	70000000	71000000	3130
6	71000000	72000000	2313
6	72000000	73000000	3092
6	73000000	74000000	3027
6	74000000	75000000	3287
6	75000000	76000000	3313
6	76000000	77000000	3522
6	77000000	78000000	3366
6	78000000	79000000	3390
6	79000000	80000000	3272
6	80000000	81000000	3129
6	81000000	82000000	3243
6	82000000	83000000	3545
6	83000000	84000000	3410
6	84000000	85000000	3368
6	85000000	86000000	3792
6	86000000	87000000	2487
6	87000000	88000000	2929
6	88000000	89000000	3500
6	89000000	90000000	2763
6	90000000	91000000	4002
6	91000000	92000000	3317
6	92000000	93000000	3775
6	93000000	94000000	4058
6	94000000	95000000	4832
6	95000000	96000000	5012
6	96000000	97000000	4575
6	97000000	98000000	4651
6	98000000	98016158	74
7	0	1000000	3370
7	1000000	2000000	3131
7	2000000	3000000	4102
7	3000000	4000000	4554
7	4000000	5000000	3847
7	5000000	6000000	3593
7	6000000	7000000	3608
7	7000000	8000000	3275
7	8000000	9000000	3688
7	9000000	10000000	2719
7	10000000	11000000	2714
7	11000000	12000000	2446
7	12000000	13000000	2775
7	13000000	14000000	2559
7	14000000	15000000	2459
7	15000000	16000000	2207
7	16000000	17000000	2622
7	17000000	18000000	2400
7	18000000	19000000	2341
7	19000000	20000000	2591
7	20000000	21000000	2780
7	21000000	22000000	2546
7	22000000	23000000	2408
7	23000000	24000000	2506
7	24000000	25000000	2158
7	25000000	26000000	2413
7	26000000	27000000	2178
7	27000000	28000000	2454
7	28000000	29000000	2616
7	29000000	30000000	2674
7	30000000	31000000	2985
7	31000000	32000000	2652
7	32000000	33000000	2978
7	33000000	34000000	2657
7	34000000	35000000	2900
7	35000000	36000000	2841
7	36000000	37000000	2631
7	37000000	38000000	2199
7	38000000	39000000	2360
7	39000000	40000000	2292
7	40000000	41000000	2594
7	41000000	42000000	2213
7	42000000	43000000	2441
7	43000000	44000000	2240
7	44000000	45000000	2511
7	45000000	46000000	2641
7	46000000	47000000	2889
7	47000000	48000000	2860
7	48000000	49000000	2712
7	49000000	50000000	2490
7	50000000	51000000	3070
7	51000000	52000000	2367
7	52000000	53000000	2459
7	53000000	54000000	2338
7	54000000	55000000	2547
7	55000000	56000000	2434
7	56000000	57000000	2800
7	57000000	58000000	2929
7	58000000	59000000	2673
7	59000000	60000000	2584
7	60000000	61000000	2636
7	61000000	62000000	2739
7	62000000	63000000	2748
7	63000000	64000000	2355
7	64000000	65000000	2279
7	65000000	66000000	2772
7	66000000	67000000	2651
7	67000000	68000000	3009
7	68000000	69000000	2947
7	69000000	70000000	2595
7	70000000	71000000	2166
7	71000000	72000000	2541
7	72000000	73000000	2443
7	73000000	74000000	2838
7	74000000	75000000	2433
7	75000000	76000000	2704
7	76000000	77000000	2786
7	77000000	78000000	2809
7	78000000	79000000	3203
7	79000000	80000000	3333
7	80000000	81000000	3279
7	81000000	82000000	3449
7	82000000	83000000	3401
7	83000000	83298024	819
8	0	1000000	5360
8	1000000	2000000	5913
8	2000000	3000000	4391
8	3000000	4000000	3475
8	4000000	5000000	3384
8	5000000	6000000	3119
8	6000000	7000000	3123
8	7000000	8000000	2934
8	8000000	9000000	2717
8	9000000	10000000	3209
8	10000000	11000000	3338
8	11000000	12000000	3730
8	12000000	13000000	3435
8	13000000	14000000	2882
8	14000000	15000000	3320
8	15000000	16000000	3332
8	16000000	17000000	2951
8	17000000	18000000	3247
8	18000000	19000000	3252
8	19000000	20000000	3371
8	20000000	21000000	3379
8	21000000	22000000	3072
8	22000000	23000000	2629
8	23000000	24000000	2753
8	24000000	25000000	3219
8	25000000	26000000	3143
8	26000000	27000000	3218
8	27000000	28000000	3180
8	28000000	29000000	2329
8	29000000	30000000	2453
8	30000000	31000000	2690
8	31000000	32000000	3597
8	32000000	33000000	2557
8	33000000	34000000	2831
8	34000000	35000000	2468
8	35000000	36000000	2878
8	36000000	37000000	2948
8	37000000	38000000	3249
8	38000000	39000000	4027
8	39000000	40000000	2766
8	40000000	41000000	2438
8	41000000	42000000	2853
8	42000000	43000000	2767
8	43000000	44000000	3495
8	44000000	45000000	3183
8	45000000	46000000	2546
8	46000000	47000000	2970
8	47000000	48000000	3685
8	48000000	49000000	4135
8	49000000	50000000	1986
8	50000000	51000000	3211
8	51000000	51939674	3253
9	0	1000000	2378
9	1000000	2000000	1258
9	2000000	3000000	3291
9	3000000	4000000	3270
9	4000000	5000000	5020
9	5000000	6000000	3855
9	6000000	7000000	4199
9	7000000	8000000	4760
9	8000000	9000000	4553
9	9000000	10000000	4327
9	10000000	11000000	3869
9	11000000	12000000	4180
9	12000000	13000000	3865
9	13000000	14000000	4386
9	14000000	15000000	4856
9	15000000	16000000	5015
9	16000000	17000000	4201
9	17000000	18000000	3889
9	18000000	19000000	4469
9	19000000	20000000	4092
9	20000000	21000000	3982
9	21000000	22000000	4113
9	22000000	23000000	4769
9	23000000	24000000	3846
9	24000000	25000000	3916
9	25000000	26000000	3440
9	26000000	27000000	3656
9	27000000	28000000	3631
9	28000000	29000000	3291
9	29000000	30000000	3768
9	30000000	31000000	3835
9	31000000	32000000	3616
9	32000000	33000000	3435
9	33000000	34000000	3133
9	34000000	35000000	3280
9	35000000	36000000	3018
9	36000000	37000000	3096
9	37000000	38000000	3214
9	38000000	39000000	3419
9	39000000	40000000	3453
9	40000000	41000000	2808
9	41000000	42000000	2974
9	42000000	43000000	3601
9	43000000	44000000	3609
9	44000000	45000000	4041
9	45000000	46000000	3818
9	46000000	47000000	3418
9	47000000	48000000	3576
9	48000000	49000000	3563
9	49000000	49362028	1191
10	0	1000000	4673
10	1000000	2000000	5118
10	2000000	3000000	4691
10	3000000	4000000	4358
10	4000000	5000000	4309
10	5000000	6000000	3333
10	6000000	7000000	3649
10	7000000	8000000	3311
10	8000000	9000000	3558
10	9000000	10000000	3312
10	10000000	11000000	3162
10	11000000	12000000	3258
10	12000000	13000000	3178
10	13000000	14000000	2959
10	14000000	15000000	2851
10	15000000	16000000	2843
10	16000000	17000000	2678
10	17000000	18000000	3332
10	18000000	19000000	4027
10	19000000	20000000	3453
10	20000000	21000000	3349
10	21000000	22000000	3526
10	22000000	23000000	3037
10	23000000	24000000	3306
10	24000000	25000000	3616
10	25000000	26000000	3226
10	26000000	27000000	3196
10	27000000	28000000	3759
10	28000000	29000000	3515
10	29000000	30000000	3724
10	30000000	31000000	3686
10	31000000	32000000	3856
10	32000000	33000000	4499
10	33000000	34000000	4033
10	34000000	35000000	3228
10	35000000	36000000	2217
10	36000000	37000000	2210
10	37000000	37089465	203
11	0	1000000	3383
11	1000000	2000000	4059
11	2000000	3000000	3374
11	3000000	4000000	3270
11	4000000	5000000	3314
11	5000000	6000000	3250
11	6000000	7000000	2959
11	7000000	8000000	3027
11	8000000	9000000	2776
11	9000000	10000000	3833
11	10000000	11000000	3405
11	11000000	12000000	3825
11	12000000	13000000	3335
11	13000000	14000000	3343
11	14000000	15000000	3007
11	15000000	16000000	2490
11	16000000	17000000	3045
11	17000000	18000000	2415
11	18000000	19000000	2760
11	19000000	20000000	2972
11	20000000	21000000	2994
11	21000000	22000000	2833
11	22000000	23000000	2449
11	23000000	24000000	2432
11	24000000	25000000	2604
11	25000000	26000000	2576
11	26000000	27000000	2678
11	27000000	28000000	2928
11	28000000	29000000	3480
11	29000000	30000000	3951
11	30000000	31000000	4269
11	31000000	32000000	5023
11	32000000	33000000	4742
11	33000000	34000000	3272
11	34000000	35000000	3791
11	35000000	35404834	961
12	0	1000000	9186
12	1000000	2000000	3491
12	2000000	3000000	7992
12	3000000	4000000	3711
12	4000000	5000000	2537
12	5000000	6000000	12206
12	6000000	7000000	17235
12	7000000	8000000	11640
12	8000000	9000000	1044
12	9000000	10000000	3069
12	10000000	11000000	4021
12	11000000	12000000	5448
12	12000000	13000000	4420
12	13000000	14000000	5169
12	14000000	15000000	6997
12	15000000	16000000	3308
12	16000000	17000000	3640
12	17000000	18000000	3706
12	18000000	19000000	3639
12	19000000	20000000	3369
12	20000000	21000000	3459
12	21000000	22000000	3201
12	22000000	23000000	3154
12	23000000	24000000	3302
12	24000000	25000000	2797
12	25000000	26000000	3130
12	26000000	27000000	4166
12	27000000	28000000	4335
12	28000000	29000000	3811
12	29000000	30000000	3321
12	30000000	31000000	3289
12	31000000	32000000	3391
12	32000000	33000000	3213
12	33000000	33619221	2040
13	0	1000000	3584
13	1000000	2000000	4674
13	2000000	3000000	2609
13	3000000	4000000	2933
13	4000000	5000000	2508
13	5000000	6000000	2285
13	6000000	7000000	2290
13	7000000	8000000	2192
13	8000000	9000000	2122
13	9000000	10000000	2298
13	10000000	11000000	2351
13	11000000	12000000	2228
13	12000000	13000000	2446
13	13000000	14000000	2167
13	14000000	15000000	1238
13	15000000	16000000	2456
13	16000000	17000000	2396
13	17000000	18000000	3888
13	18000000	19000000	1995
13	19000000	20000000	1745
13	20000000	21000000	1784
13	21000000	22000000	2385
13	22000000	23000000	2171
13	23000000	24000000	2656
13	24000000	25000000	1235
13	25000000	26000000	2481
13	26000000	26556177	2307
14	0	1000000	3681
14	1000000	2000000	3714
14	2000000	3000000	3573
14	3000000	4000000	2935
14	4000000	5000000	3224
14	5000000	6000000	3871
14	6000000	7000000	3892
14	7000000	8000000	3934
14	8000000	9000000	4119
14	9000000	10000000	4620
14	10000000	11000000	4250
14	11000000	12000000	4010
14	12000000	13000000	4902
14	13000000	14000000	4840
14	14000000	15000000	5038
14	15000000	16000000	4117
14	16000000	16103878	364
15	0	1000000	4839
15	1000000	2000000	3740
15	2000000	3000000	3549
15	3000000	4000000	4073
15	4000000	5000000	4348
15	5000000	6000000	3779
15	6000000	7000000	4188
15	7000000	8000000	4551
15	8000000	9000000	4339
15	9000000	10000000	3592
15	10000000	11000000	3806
15	11000000	12000000	4277
15	12000000	13000000	4567
15	13000000	14000000	5411
15	14000000	15000000	5046
15	15000000	15625480	2720
16	0	1000000	14689
16	1000000	2000000	6891
16	2000000	3000000	2331
16	3000000	4000000	2328
16	4000000	5000000	841
16	5000000	6000000	2074
16	6000000	7000000	3334
16	7000000	8000000	2850
16	8000000	9000000	6176
16	9000000	10000000	2078
16	10000000	11000000	1012
16	11000000	12000000	2319
16	12000000	13000000	1973
16	13000000	14000000	920
16	14000000	15000000	2447
16	15000000	15407528	1016
17	0	1000000	3469
17	1000000	2000000	3365
17	2000000	3000000	4221
17	3000000	4000000	4452
17	4000000	5000000	3786
17	5000000	6000000	5125
17	6000000	7000000	4407
17	7000000	8000000	4449
17	8000000	9000000	4600
17	9000000	10000000	4165
17	10000000	11000000	3973
17	11000000	12000000	3371
17	12000000	13000000	4262
17	13000000	14000000	4016
17	14000000	15000000	2774
17	15000000	15406785	1041
18	0	1000000	3358
18	1000000	2000000	4106
18	2000000	3000000	5489
18	3000000	4000000	5193
18	4000000	5000000	5239
18	5000000	6000000	4850
18	6000000	7000000	4449
18	7000000	8000000	4113
18	8000000	9000000	3461
18	9000000	10000000	2776
18	10000000	11000000	126
18	11000000	11697059	2270
19	0	1000000	3540
19	1000000	2000000	3516
19	2000000	3000000	3312
19	3000000	4000000	3913
19	4000000	4125934	534
20	0	1000000	3326
20	1000000	2000000	3204
20	2000000	3000000	3442
20	3000000	3515449	1762
21	0	1000000	4376
21	1000000	2000000	4035
21	2000000	2836628	3076
22	0	1000000	3520
22	1000000	2000000	3347
22	2000000	2727563	2524
23	0	1000000	5135
23	1000000	2000000	2677
23	2000000	2587089	1693
24	0	1000000	3766
24	1000000	2000000	3354
24	2000000	2414588	1458
25	0	1000000	5081
25	1000000	2000000	5550
25	2000000	2141127	443
26	0	1000000	703
26	1000000	2000000	845
26	2000000	2007967	52
27	0	1000000	6181
27	1000000	1717686	3765
28	0	1000000	4908
28	1000000	1407720	2484
29	0	1000000	3860
29	1000000	1346176	1510
30	0	1000000	3282
30	1000000	1149000	470
31	0	1000000	2848
31	1000000	1039000	115
32	0	1000000	4705
32	1000000	1001535	0
33	0	931267	2090
34	0	879908	1958
35	0	872644	3038
36	0	846618	5096
37	0	825271	3110
38	0	713803	2785
39	0	671799	3250
40	0	629614	3814
41	0	618964	3367
42	0	589567	5
43	0	573659	5582
44	0	550554	1584
45	0	535728	1882
46	0	526363	2602
47	0	509581	1355
48	0	496921	2245
49	0	484894	1673
50	0	481966	2537
51	0	429618	1805
52	0	412592	1421
53	0	411973	2157
54	0	399963	1197
55	0	397988	11
56	0	378310	1168
57	0	366919	859
58	0	327256	1738
59	0	311583	1588
60	0	307000	1430
61	0	251760	1168
62	0	251049	3736
63	0	249624	981
64	0	226785	653
65	0	226354	800
66	0	220791	549
67	0	207574	3409
68	0	189523	845
69	0	181422	255
70	0	180884	559
71	0	178137	485
72	0	176112	825
73	0	174888	831
74	0	166549	830
75	0	163691	2626
76	0	163571	1230
77	0	160505	710
78	0	154972	433
79	0	152835	631
80	0	149065	2261
81	0	141295	522
82	0	135868	24
83	0	134579	725
84	0	133009	155
85	0	130468	610
86	0	124809	315
87	0	121928	488
88	0	109126	371
89	0	109102	614
90	0	107516	667
91	0	107000	724
92	0	105178	513
93	0	100861	479
94	0	100674	1739
95	0	99000	515
96	0	96417	237
97	0	93877	374
98	0	92991	1418
99	0	92495	408
100	0	92390	229
101	0	91597	219
102	0	86096	723
103	0	85140	299
104	0	82288	0
105	0	79498	40
106	0	77415	190
107	0	73003	187
108	0	70878	305
109	0	68636	627
110	0	67009	0
111	0	66038	255
112	0	64689	139
113	0	64345	391
114	0	63358	161
115	0	63073	448
116	0	62795	220
117	0	60024	128
118	0	58920	886
119	0	58394	95
120	0	58206	200
121	0	57696	18
122	0	57346	130
123	0	54133	115
124	0	53760	132
125	0	53457	92
126	0	53448	203
127	0	53024	392
128	0	52166	148
129	0	47528	657
130	0	47201	843
131	0	47048	1
132	0	45112	182
133	0	44919	497
134	0	44455	9
135	0	44220	87
136	0	43825	546
137	0	43341	201
138	0	43067	240
139	0	41784	719
140	0	40453	117
141	0	39559	81
142	0	39153	669
143	0	39002	13
144	0	38446	85
145	0	38439	94
146	0	38208	88
147	0	37932	50
148	0	37637	0
149	0	36542	103
150	0	36439	93
151	0	36164	117
152	0	35806	126
153	0	35558	82
154	0	35268	110
155	0	35018	6
156	0	34812	115
157	0	34755	6
158	0	33826	10
159	0	33810	92
160	0	33740	6
161	0	33299	90
162	0	33090	68
163	0	32649	80
164	0	32363	93
165	0	32264	43
166	0	30833	465
167	0	30551	141
168	0	30542	115
169	0	30331	60
170	0	29917	0
171	0	29695	94
172	0	29486	87
173	0	29186	705
174	0	28478	69
175	0	28247	12
176	0	28066	239
177	0	27709	49
178	0	27553	178
179	0	27304	296
180	0	26495	480
181	0	26407	76
182	0	26401	47
183	0	26323	44
184	0	26258	104
185	0	25949	377
186	0	25865	338
187	0	25301	63
188	0	25282	78
189	0	25260	124
190	0	25188	64
191	0	25095	120
192	0	25055	49
193	0	24944	39
194	0	24740	69
195	0	24451	9
196	0	24300	73
197	0	24266	239
198	0	24155	68
199	0	23960	190
200	0	23879	73
201	0	23793	55
202	0	23669	79
203	0	23490	63
204	0	23342	50
205	0	22956	0
206	0	22630	98
207	0	22144	77
208	0	22121	26
209	0	21213	77
210	0	21171	45
211	0	20666	54
212	0	20637	56
213	0	20568	57
214	0	20545	0
215	0	20118	1
216	0	20107	55
217	0	20028	4
218	0	20009	82
219	0	19811	47
220	0	19766	37
221	0	19702	54
222	0	19626	49
223	0	19375	46
224	0	18999	61
225	0	18988	55
226	0	18133	42
227	0	18081	51
228	0	17936	41
229	0	16951	27
230	0	16930	41
231	0	16436	48
232	0	16126	65
233	0	14468	8
234	0	14255	37
235	0	13893	38
236	0	13872	31
237	0	13720	27
238	0	12464	33
239	0	9095	1
240	0	5000	19
241	0	1000	0
